100 100
54 18
78 34
40 90
80 15
8 93
13 98
92 49
10 11
44 55
32 74
22 82
71 71
99 80
77 39
20 15
6 96
64 72
72 35
14 63
100 87
79 46
46 74
5 55
14 78
98 55
87 74
9 66
91 66
3 60
1 68
90 82
81 90
53 92
17 81
25 1
3 66
43 2
89 76
13 77
66 55
52 59
63 17
28 14
92 64
11 54
73 83
72 17
35 4
73 72
5 70
12 67
74 45
8 61
71 14
32 88
55 43
10 35
38 24
34 51
86 38
29 51
89 40
68 22
78 49
52 97
87 53
55 87
21 57
21 33
35 92
20 39
32 74
51 16
34 23
20 36
73 42
91 57
43 93
47 78
3 85
18 10
64 57
90 68
75 17
50 69
60 11
31 16
36 15
14 90
92 69
14 68
71 88
16 30
21 49
63 31
100 8
6 62
100 9
63 18
85 80
136 779 959 144 217 366 252 722 883 440 637 301 994 68 508 78 156 610 151 945 580 966 623 677 828 981 969 206 927 705 260 515 517 200 580 446 46 932 815 979 335 995 744 101 606 404 120 783 591 159 299 718 950 302 229 495 906 991 98 572 76 502 365 223 50 148 290 715 134 309 117 28 334 738 629 103 811 995 144 822 491 196 863 451 287 217 319 993 198 570 633 811 970 206 783 621 791 357 453 405 
80
645 789 860 935 756 681 454 962 278 834 124 862 352 587 989 281 475 593 787 574 243 310 732 219 363 328 406 908 933 706 552 189 804 56 174 712 768 979 218 795 631 267 438 919 152 983 916 899 343 257 639 629 490 855 488 157 548 875 548 960 843 93 227 453 397 165 110 157 575 11 704 654 840 607 734 61 627 995 932 662 
1500
82 14 282
29 49 609
18 53 62
12 14 760
72 39 263
85 78 11
1 16 934
43 10 76
12 28 965
30 2 265
4 79 864
73 7 471
25 21 418
58 1 696
73 14 615
88 74 708
10 73 696
77 10 841
35 55 818
13 32 772
59 65 240
93 58 35
14 7 482
56 77 633
10 48 466
62 60 455
77 42 945
21 32 213
29 50 677
69 36 989
32 10 87
80 60 247
86 43 942
54 64 396
36 14 807
23 6 9
64 72 683
58 69 150
44 42 78
49 59 973
83 59 157
45 25 59
35 59 952
19 61 93
32 14 406
80 67 668
41 33 791
87 14 535
93 28 718
69 56 369
55 73 362
57 9 97
11 74 341
96 78 868
98 5 531
81 26 168
95 10 564
47 62 175
66 56 349
4 12 9
88 37 755
12 12 464
65 75 202
27 52 70
25 70 69
14 37 854
87 54 620
49 18 305
80 11 178
58 17 331
17 37 197
77 23 848
55 53 4
47 3 405
14 27 22
55 35 451
54 71 48
48 18 266
81 80 928
70 31 475
91 78 99
63 73 723
6 36 873
68 24 376
4 59 223
90 22 758
19 18 499
52 64 796
81 74 455
47 36 769
48 79 769
50 32 13
35 28 595
97 31 365
7 80 641
9 9 411
87 65 610
97 52 778
82 24 402
45 52 189
35 12 443
81 53 52
45 76 368
81 35 60
12 47 98
80 17 535
3 42 364
59 11 638
3 8 788
89 22 526
34 8 468
70 57 186
54 8 407
55 78 95
38 38 258
55 58 829
14 71 810
34 19 9
41 45 617
13 21 662
63 50 544
26 29 178
9 50 824
30 4 593
72 61 412
2 35 748
67 64 524
94 80 32
6 29 258
26 45 141
15 67 30
43 14 688
17 72 966
84 24 414
26 23 815
95 64 611
70 64 403
61 59 467
99 40 268
58 57 977
56 31 17
4 40 663
73 61 559
72 44 127
51 57 368
39 3 52
63 71 342
98 72 256
26 73 762
54 78 397
80 28 256
31 53 594
68 38 95
12 8 200
67 7 592
68 59 910
31 48 924
4 80 33
51 67 52
28 55 660
23 24 931
13 1 567
77 12 922
82 53 469
9 43 922
81 12 341
96 44 220
66 28 473
22 60 811
26 34 600
88 16 513
70 77 449
70 33 964
19 39 959
75 17 866
64 38 895
76 55 677
46 22 265
53 55 232
92 73 639
5 48 198
6 32 721
37 26 585
6 40 178
20 26 552
11 39 545
89 28 608
45 1 538
34 79 486
7 59 652
90 20 161
95 62 249
52 53 752
27 61 193
81 56 66
37 39 35
6 74 141
54 17 942
69 51 920
30 67 76
61 32 310
59 3 423
28 58 911
56 36 562
92 5 216
55 10 27
46 62 785
46 7 310
62 20 238
12 38 876
23 17 847
99 44 705
21 43 249
89 36 560
47 61 928
20 7 986
63 3 767
23 64 321
20 5 973
63 26 280
76 41 338
33 55 315
98 27 994
59 53 188
91 70 38
30 72 111
24 66 81
62 11 1000
66 59 467
70 43 73
74 70 981
16 17 637
36 33 388
6 24 131
24 15 968
56 68 215
85 43 441
88 39 727
96 46 59
4 65 924
88 8 357
16 71 231
17 57 181
35 66 114
80 14 725
45 44 459
26 42 831
96 74 846
49 20 279
13 13 136
14 61 472
82 57 839
76 70 422
10 32 486
13 48 36
90 71 981
21 68 494
31 57 718
67 67 394
81 46 619
9 5 69
21 64 432
71 11 206
2 61 964
71 51 528
54 13 147
77 5 811
52 29 951
85 20 681
44 78 382
59 67 338
50 55 845
23 4 927
64 24 888
97 40 21
21 13 596
70 73 619
39 51 948
13 17 833
58 18 52
1 80 52
34 74 621
24 43 723
14 75 997
90 7 641
51 20 482
63 34 794
16 59 654
26 10 997
48 29 491
16 18 882
86 49 29
78 21 150
78 10 160
67 27 979
71 45 980
80 47 397
53 41 12
1 52 608
2 33 232
44 20 303
53 30 429
13 26 635
97 71 797
95 33 634
9 51 743
33 44 449
56 6 292
47 52 74
6 19 28
99 27 924
91 35 666
64 53 644
67 59 283
3 56 610
41 42 426
84 79 911
1 35 513
65 52 714
70 58 596
41 3 301
37 59 244
15 15 368
8 63 216
27 26 472
91 27 654
68 36 89
15 73 169
13 15 172
3 64 325
32 75 397
90 23 548
71 25 691
90 73 831
47 27 922
94 35 192
44 5 526
84 72 376
7 12 451
70 66 588
98 37 982
68 40 320
6 31 689
90 62 52
30 57 687
48 53 334
87 16 629
75 14 34
91 68 426
73 25 824
22 42 609
63 61 347
99 32 851
99 19 414
65 73 216
15 51 681
24 17 663
35 27 294
21 58 255
57 30 28
75 3 31
21 15 705
26 47 393
94 29 557
57 21 766
11 45 593
39 65 801
92 78 703
4 43 939
28 53 478
58 19 520
78 77 461
58 73 462
41 55 858
26 3 33
88 56 558
51 23 904
42 57 190
56 19 228
25 15 738
82 43 181
18 3 380
98 18 818
16 57 842
40 9 815
32 47 974
31 41 688
91 55 461
77 31 430
30 25 691
17 25 357
82 8 561
33 59 499
9 2 547
17 18 312
29 9 845
81 19 751
34 50 558
59 4 45
10 77 226
73 21 543
50 35 96
6 61 340
3 45 469
87 80 993
56 59 160
62 31 928
76 18 264
74 61 640
2 70 37
90 10 484
36 60 830
22 8 927
73 69 15
14 65 70
19 68 132
61 50 280
25 35 799
50 65 883
50 33 645
93 13 279
16 80 516
88 59 386
37 60 343
32 76 309
14 35 301
78 48 263
30 50 149
52 22 586
39 52 340
72 18 624
35 11 255
71 63 145
100 20 373
34 33 831
75 27 893
25 18 457
89 11 581
83 8 612
31 68 201
55 34 52
60 62 401
83 71 817
51 62 860
83 73 495
74 36 272
94 6 391
92 72 971
16 42 371
24 60 672
20 4 780
67 3 129
42 46 177
63 9 453
81 22 619
56 53 9
21 19 602
1 49 81
18 31 306
10 20 870
17 53 33
35 72 543
17 54 602
45 31 100
77 64 718
12 17 854
18 45 254
12 23 958
63 72 842
21 26 560
44 3 786
11 26 446
69 73 184
81 34 736
60 33 691
9 26 631
37 41 975
9 56 126
48 61 501
75 70 299
65 55 802
56 12 253
91 39 353
7 56 762
77 41 807
28 49 93
12 41 688
25 20 198
98 58 118
59 54 197
96 38 276
95 48 870
9 79 63
22 2 624
22 43 791
81 29 748
81 44 838
82 35 569
14 23 215
33 54 341
8 44 331
9 70 270
43 24 373
82 59 45
83 78 869
17 3 654
55 44 597
47 9 92
61 65 566
19 50 132
36 59 957
29 21 864
10 36 829
95 59 793
24 4 210
90 27 558
74 13 35
80 32 220
85 71 802
35 10 480
90 78 650
64 30 437
28 42 45
32 5 640
63 64 751
51 14 828
70 63 699
27 47 448
50 66 174
87 26 709
5 50 492
17 36 745
42 55 889
85 69 435
95 58 274
24 57 982
20 30 86
15 54 56
99 2 549
20 58 235
77 80 697
6 55 320
75 23 877
36 50 434
53 24 249
51 49 950
25 36 522
45 28 505
70 30 724
54 74 268
15 18 443
95 37 967
45 47 931
7 31 827
89 68 596
61 75 107
55 22 958
40 59 574
40 25 857
41 43 951
98 73 602
90 54 69
50 3 512
57 12 891
10 80 167
46 58 296
97 79 942
81 28 55
52 15 41
5 24 397
32 48 212
24 40 644
70 47 213
7 60 811
48 69 415
52 63 939
9 59 293
60 49 61
73 77 931
43 64 825
58 54 160
57 16 316
93 7 556
96 79 628
42 52 822
87 5 57
54 33 648
44 9 973
6 57 589
80 48 712
72 45 335
59 22 862
24 65 782
34 32 806
36 41 52
58 38 132
62 36 39
89 63 714
34 55 215
93 42 416
62 53 251
95 4 783
49 72 373
55 23 650
74 17 224
99 76 942
97 36 216
80 49 16
99 51 866
64 21 476
30 28 176
66 3 434
28 57 626
21 1 302
41 18 747
22 4 147
57 56 542
34 31 961
96 5 195
83 69 120
83 36 68
60 27 141
5 74 110
45 68 207
21 55 721
38 37 995
42 71 440
95 18 449
79 47 47
50 68 655
69 31 346
36 25 273
51 48 217
86 2 250
89 8 245
49 7 94
80 62 497
28 17 762
59 10 302
68 69 400
44 44 262
58 51 193
60 17 605
75 54 983
77 76 540
84 77 226
72 52 210
7 10 595
2 8 657
76 27 904
49 50 506
32 67 309
60 3 9
50 59 398
12 58 799
29 7 845
59 49 641
98 50 108
84 70 695
23 52 635
82 79 460
29 41 277
20 60 531
70 80 827
37 9 846
39 78 457
88 33 2
44 30 881
73 65 473
95 29 148
75 71 382
84 45 172
86 67 268
43 21 179
31 6 231
18 71 381
69 17 488
70 17 538
95 57 99
21 2 752
16 27 545
9 71 846
73 70 913
12 35 626
33 79 777
51 12 53
51 44 945
88 40 174
42 64 464
70 52 316
76 16 224
75 43 12
31 43 995
32 4 1
7 7 219
99 18 571
54 34 388
49 8 488
26 12 245
67 18 949
9 35 169
36 18 464
38 28 536
59 79 906
45 14 777
92 58 70
88 72 830
20 72 873
67 12 26
57 58 236
22 3 944
74 62 467
53 35 622
77 18 765
18 64 362
87 31 487
82 70 229
86 69 348
40 6 766
84 49 234
7 44 403
60 61 817
31 4 99
53 2 395
45 51 302
15 20 109
37 8 266
50 9 149
46 17 700
57 20 640
33 21 377
10 78 893
43 49 997
74 37 624
48 16 889
55 32 824
86 68 696
7 29 637
80 15 968
92 75 733
81 40 91
92 20 535
86 58 909
83 77 579
66 54 330
96 18 319
65 61 644
72 10 315
96 32 831
49 80 567
96 50 347
65 70 366
70 46 760
77 79 294
50 54 766
100 61 998
72 74 607
88 48 937
38 30 709
32 56 213
78 42 913
1 12 103
69 68 970
53 62 778
11 54 776
65 7 560
90 40 477
21 3 886
17 69 456
74 31 150
70 76 429
21 25 8
33 74 100
3 29 21
3 33 948
29 8 21
27 8 947
1 53 731
68 35 327
1 21 224
71 2 101
76 9 784
50 29 484
89 38 995
21 21 613
84 6 808
14 49 730
15 24 248
38 17 472
55 39 971
44 37 682
25 45 534
72 79 91
79 13 50
92 22 122
99 29 777
33 45 227
15 43 163
19 42 599
43 8 415
22 15 807
30 24 550
50 75 5
17 2 323
13 69 120
34 16 998
18 35 638
83 12 256
61 79 50
64 57 943
14 43 10
65 20 674
17 19 805
22 79 614
43 28 623
66 40 834
93 54 972
52 43 821
69 35 31
70 40 567
87 23 951
25 44 30
60 59 184
11 41 777
21 22 885
2 42 685
82 17 654
50 80 824
85 56 498
93 79 817
35 65 548
17 66 933
89 30 222
68 6 842
15 77 234
8 74 930
84 44 984
42 75 179
26 49 959
76 15 240
26 26 817
9 36 651
100 29 334
24 73 484
58 30 578
78 41 472
85 25 315
98 3 567
13 54 286
28 51 583
77 24 424
74 79 82
98 46 185
60 66 538
24 32 950
86 5 587
10 25 225
28 66 328
75 22 773
8 67 312
98 76 327
93 46 760
83 34 239
22 41 626
80 36 578
42 9 570
47 65 827
36 35 244
78 29 123
62 46 878
46 60 228
21 31 257
3 70 194
68 74 601
50 5 843
68 66 305
92 74 558
56 75 92
44 34 623
62 41 600
97 28 510
48 25 155
12 48 591
33 28 229
76 1 713
2 31 554
8 3 682
81 23 450
91 61 482
80 33 668
90 68 932
15 38 40
34 7 543
39 77 873
6 16 888
53 73 48
55 30 149
82 46 981
13 6 674
98 49 347
4 55 100
72 51 897
37 40 808
30 18 793
41 60 934
4 29 149
54 56 720
30 3 683
64 15 217
52 28 577
83 13 133
45 30 487
27 55 571
24 79 106
74 20 273
2 28 890
93 72 248
58 47 406
16 33 671
40 52 164
50 23 789
36 74 169
25 10 83
30 44 323
1 50 333
48 68 851
83 1 906
58 75 230
61 4 434
19 24 924
12 55 371
40 12 102
48 42 871
69 3 28
54 48 193
93 11 645
100 73 70
94 76 610
58 40 865
22 17 697
63 1 382
34 36 68
71 31 449
32 73 987
44 28 397
68 19 148
44 32 561
44 65 439
98 33 839
63 8 837
20 41 43
86 60 909
39 20 722
46 75 760
66 24 800
86 46 583
27 72 310
52 61 487
10 7 957
38 25 119
56 78 706
73 22 295
84 62 304
95 22 26
54 80 233
49 47 295
17 15 963
6 23 289
82 75 201
85 42 494
31 30 465
41 38 437
90 36 52
34 61 236
79 58 468
78 65 711
90 21 905
4 31 128
40 73 385
68 3 79
37 52 308
32 72 754
77 15 700
63 32 701
53 61 974
58 7 296
39 60 39
10 66 522
29 67 831
30 20 173
47 15 161
17 60 936
69 9 986
12 19 917
20 19 999
79 65 482
61 80 803
100 16 819
49 65 292
22 38 585
64 74 941
22 13 271
40 79 97
56 1 240
57 13 824
36 47 380
45 17 169
7 11 543
69 10 895
65 4 362
59 9 43
51 34 543
47 37 173
93 17 519
40 36 163
67 72 563
19 70 724
29 24 761
41 75 467
96 63 126
13 4 513
99 25 719
41 68 485
9 57 685
91 11 604
92 29 293
74 29 983
25 23 550
48 48 108
62 42 977
24 45 91
19 11 576
69 76 370
58 58 951
54 7 114
5 46 604
75 60 801
16 47 852
71 75 407
61 20 608
30 9 970
65 9 247
100 35 301
84 55 536
15 58 791
91 74 117
27 57 877
99 26 461
39 23 931
33 27 75
62 8 869
13 22 877
26 60 231
73 66 393
12 13 212
93 40 129
2 2 274
97 5 465
53 71 319
1 8 225
85 28 975
57 17 756
96 29 596
38 44 825
34 9 54
9 3 895
87 18 384
12 54 976
59 35 602
33 9 748
89 15 340
59 80 987
34 41 312
96 26 325
18 23 454
46 36 760
71 70 932
45 69 128
31 72 778
86 27 477
15 49 716
59 33 346
99 23 85
6 60 63
72 77 403
66 63 912
1 65 19
79 22 778
88 47 28
65 42 424
60 1 848
64 35 781
28 47 333
64 7 619
41 49 52
66 7 971
96 53 346
67 42 274
16 67 706
12 27 217
46 29 593
41 80 73
77 53 733
43 16 191
87 38 853
69 30 806
20 39 374
77 28 263
36 1 829
66 16 991
1 25 215
31 46 422
70 9 662
63 20 244
68 22 540
62 73 685
97 19 187
8 60 706
100 62 927
57 26 511
10 63 85
64 40 153
33 76 362
31 66 903
98 12 491
85 16 608
64 31 369
63 54 315
68 57 187
76 31 518
32 70 148
59 63 596
69 54 670
99 75 397
13 59 268
27 24 43
23 8 124
41 2 726
68 76 635
65 1 830
61 64 44
31 29 948
71 14 776
73 58 212
61 54 120
93 67 244
59 69 191
16 7 169
72 2 880
43 65 765
29 46 314
44 31 389
68 26 20
73 44 428
20 34 883
98 63 892
3 24 66
18 9 306
15 10 945
57 64 210
17 65 715
60 34 715
22 7 714
52 75 310
42 30 37
44 16 492
1 28 77
39 73 487
66 61 418
84 26 223
11 27 966
30 22 114
25 37 850
31 32 584
47 10 735
94 40 842
4 57 545
23 5 963
84 5 965
28 46 971
92 45 96
31 47 787
83 7 9
47 44 306
91 76 747
4 11 345
41 64 23
35 41 668
26 14 699
31 49 600
23 11 239
5 42 202
81 47 876
9 44 2
55 2 752
77 48 316
7 45 144
99 3 879
62 7 596
45 60 77
13 56 513
19 27 188
13 62 804
63 66 175
11 64 227
34 26 642
72 14 329
10 16 266
96 16 44
96 30 257
25 60 772
61 22 177
61 52 465
54 14 965
62 62 656
100 80 17
82 12 498
26 58 601
99 12 184
21 63 553
67 73 586
5 67 994
94 31 562
70 65 74
40 22 116
36 28 642
88 26 536
95 14 752
54 11 602
88 55 181
25 47 490
40 44 707
19 69 95
99 55 776
71 24 138
8 17 245
36 48 660
44 80 675
78 37 58
97 43 418
20 52 321
24 51 323
61 30 222
15 2 747
58 61 973
13 43 320
10 33 878
100 37 372
36 9 563
67 76 528
93 20 9
73 31 167
81 50 823
93 37 826
21 9 568
7 48 823
56 72 911
79 68 356
14 30 520
99 58 21
70 4 85
3 5 857
70 21 628
81 52 71
83 72 579
80 22 185
70 16 602
58 46 298
13 27 965
91 21 106
29 6 98
1 40 393
67 58 504
12 73 597
63 2 244
41 63 234
19 3 271
27 29 552
1 37 205
52 23 103
47 16 358
46 79 512
27 53 605
25 30 192
7 36 322
45 15 368
59 68 999
59 40 805
73 10 653
23 74 588
56 63 116
92 69 760
78 53 946
94 30 54
76 56 315
43 38 336
44 77 760
62 23 352
57 39 303
15 34 164
86 16 545
68 13 588
35 79 987
17 35 925
24 72 665
55 6 542
79 6 142
85 46 934
79 4 587
79 21 516
76 62 573
23 7 199
9 31 698
98 31 11
100 19 784
39 40 804
8 64 335
32 65 179
87 19 909
81 17 23
75 55 197
8 7 882
1 45 792
26 30 713
72 60 50
23 27 360
92 1 499
61 51 663
37 3 709
39 21 24
76 74 951
5 53 713
79 15 483
25 33 628
74 10 920
57 5 449
19 67 848
15 56 249
96 55 645
7 50 257
32 11 753
35 73 436
45 65 886
34 11 465
78 57 94
85 61 186
20 25 988
76 6 783
75 10 893
4 69 394
14 66 570
87 79 202
43 39 261
46 56 252
60 23 340
20 33 562
2 53 629
92 46 47
15 76 810
39 76 217
2 7 717
36 40 207
53 76 369
53 77 497
72 54 416
5 72 244
7 26 805
28 61 662
74 30 510
72 9 292
75 77 97
41 29 764
33 63 984
56 23 455
62 58 151
88 73 689
73 57 344
100 2 19
68 72 684
97 42 197
46 6 751
72 59 660
81 27 766
79 77 694
97 69 776
64 78 570
21 37 959
64 27 806
76 23 181
66 13 21
5 60 860
6 30 832
76 32 338
92 8 679
93 26 995
37 55 558
40 2 915
84 25 462
62 24 678
80 41 70
6 79 830
96 61 916
74 71 757
72 25 883
81 48 308
62 72 550
89 48 222
51 29 953
60 71 570
21 62 192
32 28 153
22 45 659
80 20 628
30 37 685
6 66 801
53 74 782
27 77 399
24 64 165
47 80 150
4 4 75
51 19 504
89 2 527
54 67 486
78 55 968
79 67 76
88 78 643
39 41 636
67 8 903
8 62 283
62 44 526
12 68 502
55 48 791
73 55 824
94 61 213
18 48 830
37 20 966
55 24 612
5 25 275
100 51 53
9 4 838
48 75 521
3 79 418
37 80 355
82 78 947
36 66 790
36 64 213
94 59 808
26 37 38
17 61 10
73 56 363
40 40 842
81 59 24
97 77 999
15 14 153
24 37 828
62 40 140
17 68 146
92 71 738
57 63 186
74 52 348
81 20 257
31 42 987
73 41 660
69 64 372
70 15 617
60 55 610
16 76 645
39 8 720
95 79 526
89 31 572
14 20 192
93 47 567
89 27 947
84 43 344
26 74 7
94 46 776
34 5 278
52 59 3
72 11 987
21 49 325
79 1 618
39 71 206
76 66 817
35 23 614
35 3 121
47 45 773
12 72 148
38 63 525
20 68 577
9 10 252
3 51 541
52 37 2
97 27 521
20 37 672
93 65 575
32 8 314
59 13 592
94 4 881
21 35 305
55 26 52
