100 200
93 9
88 93
77 70
92 86
35 32
74 47
79 15
65 29
92 48
81 53
32 56
99 55
4 55
20 11
77 84
48 77
73 16
23 53
39 95
86 97
26 44
25 96
99 71
69 97
66 49
80 34
10 18
55 4
2 52
63 76
19 74
28 50
2 98
62 32
87 10
22 85
70 1
36 7
25 22
30 87
44 51
3 27
71 99
27 90
92 6
75 42
72 7
66 52
15 51
32 77
100 66
99 79
26 68
83 12
34 56
35 18
32 43
46 78
8 84
74 8
66 5
29 49
81 94
45 87
81 2
87 15
59 18
67 93
83 18
23 58
10 42
34 95
29 17
18 22
56 41
95 13
10 61
78 30
33 1
21 25
87 71
4 40
34 53
100 100
19 21
45 86
67 85
41 86
43 21
67 66
34 5
32 90
48 38
70 83
67 63
54 41
38 49
98 49
98 16
71 99
80 48
20 50
50 31
99 53
48 60
35 43
53 98
99 35
63 68
19 67
76 28
48 100
12 84
39 81
10 81
70 17
93 14
95 50
8 24
33 93
50 66
6 10
16 52
93 25
18 18
5 92
58 85
35 25
22 61
20 49
86 5
5 81
68 57
96 86
31 36
35 81
22 44
21 7
48 5
46 48
4 74
99 39
7 29
63 80
48 58
66 45
85 41
83 24
16 60
24 3
93 4
4 25
43 49
11 54
62 32
13 91
75 67
98 26
65 67
20 32
35 75
33 86
99 8
55 65
95 62
99 1
78 55
84 17
23 22
59 55
81 5
76 83
63 64
80 72
35 77
73 43
45 94
19 60
5 68
62 17
61 95
68 35
56 87
25 72
16 62
86 10
73 2
96 67
8 47
16 71
8 7
93 33
92 13
89 12
88 93
95 18
27 62
67 92
23 13
72 80
154 950 985 862 467 179 42 958 930 41 817 459 783 175 630 920 48 589 235 546 192 791 729 607 155 317 683 219 632 63 366 892 781 530 237 515 387 778 909 923 438 464 158 566 18 783 296 171 500 719 63 68 876 294 852 511 158 369 606 509 170 538 494 45 406 595 185 713 781 545 449 742 179 491 449 352 257 807 229 547 90 716 719 900 341 440 47 474 100 27 885 818 241 152 620 588 453 58 150 742 
120
77 598 935 744 1 733 926 819 793 869 997 250 188 890 796 288 582 508 601 298 837 93 763 860 224 991 462 272 451 670 36 520 634 803 120 642 649 544 174 470 271 834 382 771 376 683 442 599 672 437 989 499 418 601 774 390 655 225 682 874 489 731 451 35 896 147 826 676 945 286 989 954 763 811 799 756 620 857 16 227 276 806 906 473 309 223 928 258 781 704 29 607 859 380 809 459 478 853 436 181 228 880 298 84 283 565 647 346 618 574 364 683 11 549 559 841 125 652 400 220 
500
84 72 769
32 17 969
60 3 688
98 42 914
21 26 931
15 105 515
55 111 843
33 115 778
82 24 746
36 46 948
100 43 612
4 8 496
97 45 68
13 78 637
72 49 153
24 108 121
63 39 283
42 35 745
85 112 678
71 33 45
53 33 674
26 96 389
72 83 62
19 53 554
27 107 85
73 94 885
80 112 525
33 62 915
83 91 649
41 15 546
71 86 142
40 39 760
51 18 724
84 13 308
42 65 78
36 41 33
51 14 629
25 59 225
27 62 971
19 89 812
35 53 768
69 93 58
48 109 596
76 77 648
2 61 561
54 42 748
77 104 771
79 8 693
35 103 462
42 36 310
96 17 613
50 96 913
30 18 863
23 5 301
54 22 829
50 91 915
30 90 15
89 10 37
62 7 773
73 69 875
36 93 82
88 9 551
48 95 635
71 38 256
6 104 408
4 18 762
27 37 601
98 96 156
82 105 99
25 92 777
39 86 193
10 111 424
77 64 686
37 75 236
54 97 393
82 118 260
69 45 581
31 32 967
48 49 218
54 9 842
85 100 298
7 36 421
100 40 372
100 40 255
52 96 156
21 64 356
83 65 642
5 107 543
96 43 648
8 42 309
60 35 610
65 35 148
8 66 684
85 5 948
34 43 624
47 41 888
61 6 515
15 62 590
74 68 853
88 37 770
73 106 438
23 21 451
6 101 412
14 7 944
51 30 333
76 67 267
95 104 297
70 6 836
3 106 199
2 91 352
69 109 93
97 31 322
21 12 792
57 81 494
60 69 864
75 119 740
89 11 443
30 19 821
28 93 975
36 34 904
80 100 387
46 21 279
27 104 522
36 87 338
32 87 104
29 102 954
29 72 176
12 48 427
40 45 808
94 32 950
42 70 21
16 114 400
48 94 692
6 38 853
89 112 562
71 32 943
77 60 161
32 62 916
51 71 62
8 23 967
71 4 505
25 98 498
15 42 85
64 18 793
25 75 92
42 112 452
30 5 150
40 13 708
57 106 248
45 33 853
81 72 715
9 4 187
31 52 431
97 49 788
96 112 330
96 105 786
80 5 456
12 41 605
92 9 340
28 30 966
23 62 486
58 76 794
68 114 971
20 79 445
35 49 68
57 100 533
52 2 175
36 62 696
52 90 758
48 76 382
58 66 204
15 79 686
80 26 361
7 41 122
86 112 211
86 39 481
56 31 860
41 79 206
57 70 667
3 53 816
73 10 115
83 71 231
12 21 483
84 66 130
42 1 783
90 44 534
78 30 561
66 36 849
71 15 779
53 113 311
64 34 599
78 111 580
61 58 984
30 115 318
84 83 116
23 73 439
81 119 528
14 57 69
11 32 84
30 9 351
94 88 426
54 25 133
8 79 316
49 95 511
77 58 554
84 93 166
56 39 185
27 117 389
14 91 371
17 41 619
48 97 1000
39 29 214
90 118 576
21 93 172
44 112 694
74 86 130
32 80 855
52 36 935
90 34 14
10 83 763
9 75 848
6 105 460
48 13 305
29 101 691
7 62 362
41 9 872
38 6 688
29 22 592
42 94 369
43 8 54
63 31 488
7 62 153
60 38 45
51 101 320
11 39 503
13 16 578
4 87 781
5 64 182
52 29 481
85 78 495
63 84 899
29 64 165
62 2 619
74 91 206
59 45 842
28 85 310
2 106 53
92 2 428
63 103 309
51 98 770
15 73 624
10 40 317
43 112 243
34 80 454
78 84 155
25 115 133
19 34 636
31 71 125
72 54 3
31 28 295
35 9 649
95 46 79
17 61 615
5 5 301
17 94 333
58 47 867
56 21 478
8 105 165
37 33 68
48 28 757
23 24 20
25 44 953
83 28 83
60 18 603
5 64 140
31 105 863
83 52 157
68 71 457
20 106 667
8 81 871
15 75 646
97 102 634
71 86 749
88 3 947
98 64 138
55 34 198
11 50 284
44 92 463
18 101 514
68 100 787
64 6 805
45 113 497
31 97 948
16 56 463
49 95 390
25 8 735
90 47 527
24 106 678
81 11 757
25 118 935
6 90 415
54 82 489
94 75 552
1 5 870
36 45 747
11 57 4
55 78 322
5 99 156
46 45 990
34 113 188
17 58 191
45 33 181
81 96 805
59 73 711
61 62 472
54 81 626
13 2 827
67 119 214
23 46 634
55 65 146
9 7 343
95 65 165
86 53 266
17 1 110
45 88 45
12 69 5
100 107 307
75 56 658
20 114 757
78 31 982
78 83 336
64 105 822
62 5 973
3 38 449
4 117 248
18 56 566
77 113 968
70 114 441
94 99 675
8 87 917
74 6 789
43 84 238
93 66 760
40 22 839
43 119 720
55 22 185
20 16 555
32 4 517
3 79 370
34 82 482
93 66 30
60 32 956
65 8 496
48 66 660
58 85 454
20 93 912
19 88 702
34 94 767
85 71 307
86 40 761
48 38 787
58 11 277
73 10 732
84 2 226
57 39 346
32 82 220
76 17 544
87 120 623
80 61 234
31 75 566
35 98 226
19 58 7
57 115 137
85 32 171
7 54 649
68 120 682
89 113 61
71 10 844
12 108 688
77 29 958
82 84 840
9 71 321
78 60 178
17 33 407
100 49 159
78 119 501
32 79 827
48 19 139
28 6 964
8 112 292
57 58 753
26 7 429
32 59 978
30 101 144
2 5 430
12 105 352
26 1 303
23 13 374
8 79 966
94 15 632
93 85 486
2 97 610
21 20 766
34 44 519
26 96 349
68 80 355
90 40 491
49 99 222
45 86 771
22 50 592
94 90 297
8 33 73
80 21 748
37 85 22
45 31 373
35 79 719
48 46 865
20 92 545
35 67 767
63 41 458
35 35 827
33 115 650
49 106 11
38 86 900
90 32 147
11 47 725
23 67 283
99 33 92
92 89 321
55 100 516
19 32 198
88 95 748
11 2 929
39 86 657
20 56 26
6 117 903
77 94 895
24 41 465
4 65 920
59 44 520
86 30 691
47 115 336
60 94 925
63 113 660
39 98 15
61 99 670
76 36 130
8 78 384
85 28 238
79 62 989
97 27 760
64 89 9
60 103 92
50 21 191
55 56 460
39 109 881
55 5 685
72 83 303
91 76 548
46 8 132
65 80 352
92 20 180
87 120 38
29 56 222
30 32 313
92 106 973
19 80 664
48 73 264
9 94 956
17 10 1
38 42 872
97 79 646
26 78 92
72 1 115
76 2 11
22 119 270
37 25 951
29 61 968
63 71 518
11 24 291
39 90 330
75 26 908
87 7 122
96 86 459
63 95 419
76 101 870
76 38 621
72 41 275
76 35 659
11 94 123
34 79 104
42 5 197
95 37 984
43 87 830
6 120 583
9 2 279
11 33 569
7 54 134
38 94 400
5 66 166
