1000 1750
138 772
478 162
707 347
25 576
944 654
45 671
291 320
240 861
221 413
284 319
731 51
500 438
800 635
120 806
800 167
510 896
267 728
137 73
711 824
241 163
574 618
962 886
964 751
790 380
101 248
763 167
590 781
939 182
758 957
776 758
888 647
633 374
807 854
552 195
214 614
306 490
660 82
979 468
604 477
85 666
830 660
260 572
808 426
136 968
686 527
739 778
442 943
154 586
896 119
559 329
220 153
844 426
868 502
728 808
786 776
326 615
125 457
194 570
798 129
565 71
125 648
586 561
595 754
792 692
611 285
344 10
160 732
398 600
401 744
583 444
751 433
257 902
150 400
728 828
423 425
818 669
205 387
278 205
259 974
881 644
570 94
475 614
509 711
808 207
1 19
164 447
492 783
75 556
866 287
569 68
988 820
762 135
329 794
950 586
163 301
858 26
865 218
771 549
595 758
365 292
600 790
996 506
820 499
163 951
869 767
663 126
538 186
513 167
747 775
362 210
894 206
788 333
984 646
892 875
283 791
222 941
187 389
897 560
972 156
271 866
310 569
807 183
370 163
972 441
813 698
654 873
42 36
277 621
444 236
70 847
964 794
410 486
820 436
185 941
235 641
550 499
729 100
451 180
602 679
973 454
504 124
739 436
910 859
106 869
587 375
377 34
980 808
777 629
179 319
740 657
556 276
783 964
263 829
987 115
94 241
226 496
405 363
951 422
37 979
808 127
984 406
377 335
217 205
522 571
853 282
100 765
387 768
598 278
743 730
859 445
416 526
727 858
319 258
608 456
487 283
995 624
529 26
149 738
504 76
827 432
938 656
365 673
133 361
1 398
17 559
574 945
744 39
896 345
300 813
969 297
893 307
826 989
206 42
58 65
372 910
353 620
844 196
961 988
393 65
741 1000
310 203
329 530
927 140
503 348
83 674
134 52
806 330
465 668
849 39
839 448
405 601
121 196
411 469
476 501
176 414
495 474
580 790
366 528
630 402
489 397
372 324
923 681
103 820
656 114
312 821
130 710
999 742
76 408
1 872
321 83
999 859
349 868
957 69
711 346
574 16
403 763
601 488
733 344
973 396
255 919
481 132
887 182
841 5
950 475
227 964
951 78
404 859
143 124
741 557
247 890
244 422
53 576
47 164
535 17
196 136
471 171
652 270
708 165
932 552
351 84
468 259
885 585
962 266
403 810
134 6
680 403
826 867
455 409
480 692
736 193
358 229
154 713
224 111
487 427
66 236
521 882
377 152
139 289
883 538
312 919
268 715
115 172
453 885
902 613
909 713
661 870
583 673
839 165
591 265
120 956
444 920
124 646
611 223
117 281
667 928
764 955
76 905
324 90
595 776
266 669
404 605
122 948
351 1
62 568
10 412
545 623
881 564
400 501
672 26
447 775
258 90
971 831
599 877
353 739
408 223
443 563
337 255
532 535
888 421
588 450
514 214
779 826
426 7
55 808
1 611
315 356
648 214
716 676
764 865
765 528
134 731
673 727
632 485
517 647
960 394
184 368
181 916
138 962
618 240
52 577
943 910
267 518
470 944
246 451
915 989
659 936
756 292
679 365
871 455
833 732
344 972
469 175
636 450
458 563
43 239
890 151
926 489
92 814
126 305
814 672
998 239
565 753
282 679
169 737
413 477
33 647
820 349
338 504
150 131
430 297
960 996
850 63
794 882
87 99
811 215
776 645
861 837
977 493
409 109
388 743
242 798
40 470
292 130
10 698
217 675
665 76
439 359
869 222
658 368
340 958
254 546
979 361
385 613
806 114
50 543
87 3
850 224
244 467
127 763
663 298
962 904
803 242
823 944
62 224
199 459
765 671
670 526
376 274
916 500
476 452
871 992
53 137
15 534
687 268
948 864
464 288
609 327
112 37
88 227
121 891
803 908
788 266
546 694
834 999
308 976
491 465
401 721
292 631
144 289
337 418
505 20
694 531
330 815
899 92
845 43
489 195
817 66
768 751
901 645
310 589
816 534
262 494
95 319
934 124
475 220
87 248
3 887
80 360
126 570
127 15
501 888
858 515
149 157
905 786
143 836
531 6
861 345
132 974
866 660
7 184
148 498
419 568
203 803
983 587
531 317
401 428
304 175
146 144
47 100
372 902
234 682
121 68
913 758
665 88
149 18
968 131
873 110
891 688
435 693
286 319
163 708
620 563
349 33
704 821
716 631
555 936
841 273
952 956
774 973
121 872
74 978
90 722
601 543
263 721
75 782
348 965
607 813
959 484
370 739
987 485
320 821
878 1000
458 1000
315 652
945 48
739 852
979 885
99 446
571 737
363 262
175 222
873 419
43 515
576 220
554 475
257 898
784 503
366 390
350 623
185 625
490 475
926 206
76 446
598 131
431 21
934 241
609 171
574 348
929 247
950 514
586 143
100 18
823 435
677 202
541 939
845 230
206 458
468 141
367 175
301 290
945 22
988 4
960 769
554 837
877 950
899 524
393 416
433 280
374 973
878 982
317 543
319 737
64 102
430 53
686 818
809 651
324 703
633 425
252 817
170 68
611 444
550 896
840 543
548 871
146 921
560 812
8 206
572 993
535 489
285 839
200 449
640 730
759 884
640 167
878 958
14 259
692 290
507 532
326 397
655 97
416 28
89 987
408 146
100 452
352 251
130 582
817 874
280 572
777 102
952 71
728 589
704 831
633 965
178 688
832 963
430 312
397 895
598 999
549 658
999 804
269 101
974 665
789 374
641 415
239 608
79 953
116 170
524 97
851 566
472 497
322 323
523 703
509 220
975 542
519 652
649 230
518 585
233 399
787 146
205 373
882 421
903 848
301 683
336 812
285 197
947 333
150 298
56 131
943 602
279 860
69 767
175 500
267 478
84 383
440 597
484 78
654 199
323 789
657 618
377 895
933 236
986 382
779 719
51 560
929 12
530 867
626 888
49 383
997 512
241 992
683 795
482 530
559 184
762 976
24 230
205 993
834 106
390 519
880 776
835 516
822 361
255 68
142 861
498 314
928 66
449 643
532 667
741 39
526 684
440 880
403 856
476 928
319 343
343 277
502 429
427 661
784 312
411 764
703 823
576 411
864 33
627 948
831 612
763 971
670 989
354 920
531 94
272 209
338 656
28 354
278 201
900 251
38 257
469 534
547 342
511 723
12 414
678 886
838 163
561 832
302 513
173 887
1 601
231 410
932 720
277 274
879 944
730 829
5 919
124 487
620 753
772 298
876 287
909 422
535 39
502 328
793 888
932 1000
466 155
672 317
776 589
342 89
567 517
917 687
517 964
486 152
664 863
782 241
245 745
824 930
96 667
517 69
449 38
587 28
785 435
784 910
310 730
408 589
761 777
363 212
549 640
557 922
359 847
538 461
993 817
214 832
672 191
42 733
436 724
683 816
787 113
320 285
412 403
152 228
628 888
798 355
269 595
976 543
198 876
607 876
422 740
143 532
427 940
936 517
466 809
529 928
652 415
599 621
569 821
533 568
853 865
119 203
440 107
31 253
461 729
493 14
730 336
78 737
810 294
859 616
797 476
726 404
695 259
337 762
567 526
190 316
702 684
597 909
695 701
969 609
552 849
477 766
812 7
299 1
129 797
288 734
378 171
523 634
604 517
176 533
703 811
811 690
213 345
771 855
544 436
868 464
955 534
247 710
785 99
555 555
44 520
908 333
326 577
225 617
208 103
396 650
248 959
183 257
232 168
966 349
793 816
886 560
833 751
138 28
190 671
488 597
714 577
508 950
813 585
679 540
294 505
362 112
658 541
532 827
334 375
329 382
611 122
141 493
531 46
863 407
229 981
598 825
225 881
967 511
869 971
62 905
986 623
887 250
452 385
147 599
748 526
643 296
667 150
379 442
473 667
228 437
544 851
913 47
423 852
402 583
69 162
310 940
868 619
73 8
420 774
338 707
693 520
468 214
626 422
419 919
145 812
253 342
186 672
715 774
274 600
205 126
940 641
368 289
333 205
437 57
317 929
808 638
36 273
23 203
250 251
182 406
660 137
316 642
757 750
268 27
479 432
268 461
309 834
640 314
348 294
109 633
575 338
147 808
937 442
789 388
971 226
909 344
228 878
721 142
57 171
881 604
921 720
619 581
666 733
79 367
383 824
767 623
881 8
496 575
120 833
164 920
66 206
320 241
460 535
662 686
113 52
627 717
339 110
512 949
556 515
978 630
846 682
975 730
422 97
464 563
908 156
313 497
248 627
267 686
310 947
823 264
379 921
100 782
976 191
745 574
54 313
530 492
403 410
782 979
546 934
375 764
185 266
262 593
827 999
225 649
912 351
703 552
581 482
675 284
470 166
10 972
318 11
803 252
957 906
138 481
226 449
857 962
156 13
254 690
964 671
405 948
180 673
809 77
43 207
874 761
824 998
985 641
166 342
710 184
878 585
572 684
262 170
95 497
425 60
72 440
725 530
270 813
121 751
856 315
839 329
294 671
156 396
282 420
240 961
552 546
172 52
429 367
431 968
869 651
374 580
501 388
337 166
816 465
797 577
49 201
578 588
495 644
80 478
70 197
230 698
319 170
655 830
332 295
958 387
101 389
959 545
349 333
837 785
926 34
499 831
454 658
954 468
838 660
649 279
239 34
350 136
400 410
972 691
661 424
592 777
813 537
176 718
888 98
255 551
701 939
208 603
824 584
92 889
996 516
176 128
228 443
313 374
258 465
680 504
310 897
905 947
535 427
787 912
652 873
140 694
662 544
225 986
875 823
44 585
906 99
294 264
456 641
519 997
257 283
236 95
720 69
237 503
782 797
745 724
103 980
746 32
733 281
988 628
871 368
124 13
49 477
39 613
892 663
901 990
267 8
23 116
392 44
801 301
824 827
549 150
883 814
797 52
693 540
522 96
523 377
383 188
94 161
1 820
398 143
539 825
700 605
272 269
389 411
683 601
689 516
756 97
503 322
123 726
889 965
253 396
970 713
258 38
554 610
172 900
425 796
469 804
11 164
198 52
704 700
816 246
935 432
526 569
799 335
91 239
126 26
319 466
23 95
978 90
777 306
238 961
463 305
627 210
603 602
212 104
158 505
848 723
567 992
773 647
323 93
585 819
303 331
11 261
467 594
203 400
825 690
363 670
627 321
457 492
225 143
233 735
991 520
733 967
650 479
203 237
612 588
277 223
761 230
838 417
140 321
286 770
493 600
126 278
744 215
442 414
83 360
265 262
902 604
833 180
932 177
321 261
936 876
987 340
60 672
52 310
861 509
644 790
381 193
535 151
292 150
265 525
903 287
433 487
983 589
18 482
982 222
449 278
330 658
856 289
775 744
738 566
142 805
844 132
856 118
442 140
680 337
417 581
376 598
185 424
592 404
528 643
969 299
195 294
609 250
470 352
161 368
159 487
540 978
939 819
402 168
701 364
69 491
443 641
682 181
631 446
608 793
283 943
815 87
367 140
355 543
741 535
426 632
469 3
460 425
210 827
54 200
529 282
718 68
459 158
886 80
463 533
471 612
287 595
775 375
62 554
807 752
62 817
987 829
26 880
262 648
837 118
260 843
761 91
509 278
655 640
370 27
578 865
116 640
322 993
518 974
751 21
769 970
261 484
995 941
502 454
784 296
281 139
317 360
888 368
800 12
579 887
378 899
979 685
418 579
380 347
362 645
333 127
757 564
317 276
801 235
760 634
172 960
124 882
573 894
169 128
427 664
579 243
927 842
551 179
180 68
443 861
822 815
936 607
507 376
515 129
325 9
785 851
458 126
275 654
245 149
362 928
340 138
499 559
968 841
153 266
944 818
737 438
509 492
424 478
336 36
786 66
955 617
329 817
857 199
436 750
456 600
893 834
552 906
118 421
894 485
654 769
632 131
218 149
284 531
710 646
230 735
951 791
444 732
200 701
714 440
934 489
175 614
621 470
447 121
769 977
542 966
505 168
420 698
446 253
263 918
165 765
641 621
972 126
3 554
37 164
106 56
512 234
482 621
813 638
765 266
391 687
927 920
627 134
10 411
663 974
974 449
943 99
78 927
479 898
451 161
351 489
324 695
464 245
586 316
760 111
406 402
714 985
527 39
516 489
547 203
911 577
642 496
757 581
614 732
159 995
467 397
236 59
11 770
145 878
892 806
28 516
516 402
803 653
633 795
714 848
899 245
217 703
143 742
275 199
416 55
305 72
860 176
987 164
405 136
872 957
552 656
122 747
60 258
349 904
175 908
967 155
451 714
629 897
620 103
750 466
683 25
265 340
762 395
858 335
619 382
241 303
430 361
355 646
79 120
464 577
754 986
398 809
846 235
214 397
984 900
466 354
902 375
918 202
924 935
546 355
673 898
928 246
662 571
703 143
439 642
12 194
915 14
819 147
37 242
553 850
328 833
661 130
854 33
564 508
744 721
850 331
883 500
654 25
366 575
102 264
255 117
494 897
704 571
416 396
712 739
636 338
117 54
755 151
100 679
166 274
953 109
802 138
65 768
257 823
722 101
604 925
947 307
817 624
672 75
961 988
989 722
598 540
802 532
551 441
84 745
330 150
51 837
659 953
534 683
353 705
892 464
475 175
471 874
834 108
372 670
253 221
802 502
540 735
832 370
603 532
535 914
431 631
889 781
40 963
38 617
207 586
111 622
639 855
75 294
930 942
356 163
889 418
447 229
148 114
860 981
871 736
818 929
564 822
493 702
374 54
722 218
454 808
9 84
868 89
879 297
528 20
451 10
988 98
630 859
798 881
294 636
285 318
501 323
652 856
519 144
572 885
371 859
928 265
987 855
815 534
156 403
359 441
556 305
87 532
73 737
949 403
725 957
370 564
923 115
894 452
556 601
202 1
324 937
675 404
401 5
509 525
484 937
60 398
796 31
80 433
503 356
57 161
748 69
165 201
775 801
516 134
474 450
841 181
667 876
904 542
424 65
834 653
502 983
517 714
474 246
681 973
380 67
415 461
528 783
714 752
116 58
787 76
530 843
457 239
880 384
596 450
754 313
390 216
721 996
872 631
156 61
112 183
211 361
205 883
739 449
987 287
81 771
836 915
441 811
528 898
951 196
651 618
602 370
821 868
104 96
652 520
857 287
256 611
47 608
867 979
304 608
251 998
477 668
227 123
743 986
812 898
127 193
924 587
206 869
790 505
886 814
365 321
756 771
889 37
285 137
369 552
684 838
110 813
334 940
392 281
384 649
344 227
282 448
815 638
673 79
942 477
414 461
275 838
439 867
930 559
219 434
552 397
151 657
137 249
425 814
932 139
670 490
580 606
821 422
639 846
131 244
101 555
663 835
142 62
157 129
498 126
968 742
886 967
247 364
914 899
360 243
79 738
786 416
757 346
325 96
45 869
568 539
399 679
406 839
222 409
231 286
495 842
413 854
263 414
453 248
966 40
847 437
8 532
341 661
339 925
838 472
443 234
661 436
796 1000
352 909
996 164
547 125
388 519
502 859
993 358
589 555
457 194
324 304
244 28
941 453
141 71
399 104
14 441
133 331
800 315
628 260
994 571
953 421
831 615
352 164
966 739
181 299
213 43
356 77
255 754
787 692
222 331
820 801
486 471
709 191
966 941
272 452
287 494
245 826
252 359
128 865
379 666
318 875
783 876
864 433
42 218
73 254
368 592
631 387
700 684
813 392
491 389
345 744
869 145
147 634
668 279
99 130
495 409
550 239
790 518
329 179
181 348
366 244
110 279
151 951
454 267
581 495
885 483
267 745
326 135
809 924
671 221
56 842
447 630
36 42
18 663
239 95
82 612
123 559
778 116
506 636
925 578
662 516
305 306
228 150
816 455
261 948
415 625
295 24
457 494
80 262
216 706
129 865
555 150
365 157
259 120
124 879
812 55
613 236
247 977
326 933
962 252
376 296
335 13
212 754
105 750
326 731
247 673
534 749
163 189
40 487
972 118 676 330 486 757 796 525 375 1000 235 497 243 873 619 733 291 287 532 384 311 344 513 204 90 903 271 307 450 766 899 806 716 665 411 178 708 766 559 941 173 753 170 781 137 68 567 573 952 924 10 627 823 978 493 281 162 259 655 502 453 949 79 755 529 794 521 504 896 181 128 285 129 453 436 429 851 110 60 980 613 578 754 677 565 160 185 532 817 494 941 875 30 902 113 68 185 509 801 258 664 157 527 718 349 929 353 377 211 535 848 297 278 16 528 269 730 244 140 323 199 344 38 284 348 630 279 461 932 310 59 606 299 101 435 496 114 224 404 331 565 925 812 760 227 822 26 115 293 62 991 394 897 977 819 653 317 22 873 500 543 884 896 662 250 779 96 781 156 989 916 170 401 611 306 770 876 776 621 983 966 180 78 405 767 557 439 455 305 518 780 399 692 613 745 516 535 742 550 403 877 263 51 177 176 186 700 706 619 183 868 969 580 775 603 699 359 797 171 419 779 270 77 967 194 294 719 302 605 525 149 231 663 303 821 541 534 394 887 176 580 865 830 962 270 719 398 366 404 581 857 852 578 106 566 479 590 634 742 921 503 596 725 104 932 167 893 467 407 781 23 57 620 740 989 244 318 803 618 263 308 33 634 131 444 156 983 638 218 822 146 492 88 63 653 60 188 475 693 292 679 145 614 191 103 299 21 434 724 461 188 522 702 565 951 540 355 972 200 894 492 825 503 297 907 364 641 680 441 463 646 64 59 945 605 803 135 926 704 253 298 160 89 609 734 470 814 967 651 989 111 955 638 569 701 128 218 135 958 47 966 199 360 226 798 582 377 419 747 867 724 913 844 629 615 249 128 194 473 969 471 187 651 707 932 944 724 72 745 342 953 432 202 688 1 780 97 822 595 875 589 620 864 837 218 125 616 470 695 448 316 860 252 662 910 325 914 142 942 587 833 655 151 104 799 770 835 320 801 771 40 440 651 503 549 486 970 249 281 22 328 139 221 849 706 525 253 5 581 567 592 399 527 198 440 812 914 92 910 563 856 435 746 577 663 594 766 891 187 923 165 58 723 446 509 641 701 852 267 812 49 312 546 315 70 200 682 265 889 954 737 552 212 244 836 448 906 714 737 270 45 56 370 577 916 305 267 261 348 699 757 59 718 177 937 833 444 96 36 872 357 491 837 467 315 570 792 185 941 540 2 36 518 534 911 783 518 489 680 973 156 666 277 291 34 310 458 779 999 300 807 999 787 434 617 478 396 402 309 383 453 488 663 177 695 70 484 845 772 965 94 6 474 430 65 373 949 198 760 725 661 837 760 862 347 590 834 28 178 380 920 843 888 580 459 860 190 981 764 280 576 667 518 656 653 355 152 712 654 446 638 858 135 407 562 609 622 421 516 596 113 29 983 174 865 124 778 682 828 260 853 670 923 130 556 572 784 935 883 654 325 138 147 691 486 927 825 81 602 698 813 352 234 881 530 424 51 870 886 883 368 485 427 902 42 589 143 836 587 446 919 403 824 605 159 103 42 589 404 484 163 695 335 59 371 437 356 132 118 926 540 669 217 942 989 644 800 850 144 506 383 887 831 762 713 897 771 77 852 377 444 490 302 54 764 27 794 14 245 745 339 871 214 316 336 221 247 86 96 315 184 384 796 683 108 411 849 875 988 47 557 32 830 618 141 51 378 179 24 365 652 680 454 497 922 621 264 766 835 577 524 666 478 992 183 198 206 78 262 144 240 693 883 279 139 656 709 789 894 390 190 416 495 203 797 370 388 131 189 400 703 418 619 714 418 311 374 647 917 371 614 355 916 726 700 781 311 75 430 358 742 748 890 264 966 622 172 937 648 645 186 88 743 243 379 90 699 556 324 608 918 786 593 268 774 639 609 473 152 94 555 494 572 511 137 934 149 989 32 140 825 364 294 417 129 918 516 851 30 720 107 419 958 157 572 405 205 91 620 646 814 594 804 32 404 426 925 682 364 775 479 159 149 819 796 46 464 365 79 410 821 706 334 453 234 566 576 125 582 358 34 614 350 787 230 75 474 710 58 358 150 746 173 82 608 716 849 741 446 636 857 491 567 840 318 127 128 346 486 805 509 228 926 238 249 425 213 209 861 495 66 248 913 411 813 18 873 815 787 287 618 729 822 663 171 948 676 904 491 527 543 718 423 352 616 601 839 602 978 396 748 403 379 821 773 120 815 687 330 72 100 823 108 877 279 700 441 700 597 549 422 36 278 109 38 784 614 456 417 898 
400
102 621 981 8 984 662 467 296 791 660 622 303 276 775 341 204 115 373 930 235 318 817 727 573 858 988 268 678 206 315 344 746 29 6 195 457 703 27 430 479 348 662 11 810 605 804 123 996 260 651 344 822 444 659 481 517 609 347 928 58 887 153 629 525 11 719 675 715 512 918 889 807 676 591 123 84 983 363 80 152 574 179 539 611 611 683 472 389 951 665 343 537 929 612 77 64 131 278 769 211 540 102 505 439 317 327 654 918 61 418 217 495 627 788 473 956 242 278 755 77 404 849 346 93 842 462 86 977 973 619 234 684 412 554 177 320 251 110 113 960 705 766 903 411 160 173 825 19 579 581 597 752 952 183 626 425 672 584 214 513 342 20 787 67 260 996 267 211 219 773 122 977 814 286 225 641 992 166 56 93 627 20 448 302 316 952 930 501 369 598 479 758 701 757 840 946 759 220 18 480 138 479 390 504 862 120 118 247 159 700 695 779 807 445 978 917 490 84 91 185 372 700 4 950 596 754 438 351 838 596 433 73 782 789 915 551 5 924 725 965 536 112 701 556 993 286 309 612 964 711 708 341 112 980 722 586 271 646 794 179 134 313 440 820 452 338 539 702 559 237 142 39 494 598 281 828 811 394 655 763 104 261 294 74 833 550 229 605 359 791 361 335 820 315 120 7 6 114 440 173 961 281 130 720 616 37 141 930 755 461 579 53 363 143 360 540 40 118 247 755 842 843 502 293 128 403 818 858 726 165 989 657 200 874 839 770 230 474 708 268 834 846 376 288 213 834 210 331 781 205 344 330 313 559 34 7 399 7 565 95 741 425 619 338 940 303 422 211 968 781 242 836 288 690 111 592 466 30 677 400 675 631 600 189 82 233 956 238 480 478 486 466 486 130 404 335 165 179 813 23 
4000
742 328 435
551 317 495
925 292 312
515 40 828
857 127 613
542 334 86
988 59 272
589 337 403
156 230 737
416 341 8
504 155 357
892 391 236
736 35 633
247 151 327
127 159 390
377 136 954
831 376 576
140 204 48
818 360 555
981 273 221
754 101 196
348 353 365
262 284 480
636 143 242
737 62 539
637 259 659
145 39 181
764 19 796
75 362 709
529 337 678
530 59 865
890 237 668
477 106 423
474 361 204
390 139 848
693 51 121
121 136 342
860 363 314
229 201 209
412 99 790
592 352 810
14 362 105
636 345 865
581 59 218
199 229 834
565 391 501
205 266 762
281 209 347
166 297 812
239 174 576
8 156 52
664 325 46
387 172 76
949 389 297
501 98 144
369 376 836
147 89 403
46 250 795
976 399 762
947 211 149
57 198 369
922 356 375
317 246 25
723 52 849
632 23 522
391 111 380
587 345 704
441 380 914
472 379 945
811 169 160
339 19 282
426 383 48
389 22 463
151 32 192
646 265 97
752 317 342
585 184 390
924 324 120
24 37 738
760 176 383
869 379 375
462 160 788
195 50 779
253 326 569
867 289 444
436 350 106
497 384 615
123 279 333
891 230 946
861 18 121
976 391 694
850 367 207
219 8 920
459 14 108
310 246 412
831 369 945
542 50 913
238 359 303
793 5 657
431 99 170
87 294 221
683 348 108
198 43 52
619 386 632
188 227 955
8 336 187
566 36 563
51 68 312
143 319 60
217 367 305
887 269 824
302 185 738
298 251 197
984 209 985
788 171 5
300 281 510
884 306 38
396 181 653
356 391 400
996 114 792
601 241 288
601 336 994
371 229 633
936 99 972
177 88 256
404 246 735
731 256 363
295 293 797
400 298 972
484 100 320
547 190 982
731 109 829
34 372 168
927 116 921
492 221 352
170 21 14
697 15 421
927 25 544
47 174 335
717 221 156
154 183 336
544 278 824
124 365 83
414 218 182
981 295 762
763 113 577
998 20 826
886 59 67
66 385 399
371 336 222
20 323 846
508 314 63
109 265 745
503 230 326
770 48 70
476 384 824
195 32 471
464 279 310
851 103 385
163 232 694
799 291 347
309 353 179
11 81 16
576 390 225
198 204 895
937 197 191
425 116 758
888 86 225
705 137 431
648 144 435
473 342 977
842 89 117
955 359 910
248 83 486
299 220 396
937 368 851
587 220 495
249 339 696
51 309 573
678 210 397
908 132 378
713 30 390
991 186 585
836 376 974
674 252 245
785 198 59
806 275 244
447 338 523
765 345 451
927 24 5
491 84 56
848 106 487
306 8 27
467 236 624
485 315 5
784 58 568
632 214 878
657 77 678
708 333 701
64 381 518
575 333 386
742 394 404
790 17 741
741 183 362
436 62 523
793 134 276
796 355 333
398 382 169
619 200 563
252 91 117
188 386 750
21 312 348
446 306 510
951 224 713
477 15 293
606 21 172
453 285 905
881 102 75
493 307 591
569 3 895
978 182 805
691 263 374
718 241 404
654 390 700
828 316 178
148 351 300
8 181 915
246 136 46
9 318 887
329 208 744
154 115 184
478 42 532
377 257 146
998 231 169
617 247 939
313 384 791
506 316 33
816 289 157
609 47 297
415 64 211
243 73 734
447 274 58
500 29 170
536 283 804
807 77 57
570 9 892
710 339 348
176 100 502
73 94 854
294 119 730
621 273 937
590 227 789
31 370 343
590 202 928
211 383 788
903 15 330
615 123 47
985 172 222
689 67 833
42 329 631
261 360 457
803 383 236
861 212 469
79 198 745
283 278 434
609 101 795
462 400 734
570 175 57
697 349 111
779 40 574
532 97 446
832 156 28
993 205 804
215 107 226
213 88 489
549 134 496
169 270 93
848 79 947
31 11 802
382 277 494
623 214 363
41 95 120
914 398 549
769 366 490
134 172 155
516 136 905
426 107 587
739 64 463
435 249 669
412 281 106
522 160 374
364 51 713
388 352 709
237 115 177
813 158 905
765 28 830
873 274 874
825 353 554
43 251 951
730 65 208
875 5 887
570 285 664
714 304 334
298 374 53
47 325 296
849 357 496
935 393 337
293 196 634
964 297 82
6 74 288
413 212 501
944 400 496
313 193 510
360 400 607
682 311 949
103 316 187
270 380 93
940 245 970
176 261 558
248 157 280
933 199 147
20 38 305
724 104 883
29 311 357
198 374 869
540 60 819
987 330 944
234 126 207
144 237 812
553 294 426
261 149 664
664 24 645
466 268 134
254 102 981
845 286 487
54 108 44
20 252 702
911 366 432
862 61 62
214 117 180
326 362 515
972 217 831
700 342 858
809 182 884
7 364 630
611 273 69
338 142 978
706 139 552
894 119 497
665 285 517
896 320 210
681 94 771
383 228 632
118 312 262
944 106 747
875 16 612
895 187 540
601 232 115
16 164 290
207 174 488
58 319 782
977 181 561
384 2 1000
157 350 686
143 256 325
281 288 141
289 239 267
412 393 902
323 314 995
544 268 224
164 230 797
895 380 5
774 172 878
64 171 653
976 277 188
917 284 90
243 201 471
879 225 347
829 385 832
676 212 955
285 188 230
729 318 840
946 178 143
178 380 60
590 1 639
763 47 566
762 389 256
514 341 910
957 294 300
338 117 34
908 365 885
587 282 357
917 332 628
523 134 736
59 19 509
43 169 822
943 6 846
382 15 297
985 248 103
576 22 879
946 329 331
482 256 617
727 368 453
65 1 543
942 78 207
786 93 512
425 283 690
191 15 774
494 16 677
749 28 246
912 222 69
455 180 536
399 273 83
696 96 882
873 382 975
635 375 204
295 376 224
353 98 284
146 129 467
305 165 261
604 296 256
773 211 567
755 2 916
478 62 371
516 2 991
552 307 881
282 41 773
203 344 891
386 235 210
131 188 834
637 261 295
90 302 913
398 130 838
849 12 659
460 331 862
880 314 803
442 187 676
981 375 598
702 156 701
132 104 939
839 157 752
441 27 28
413 157 342
249 344 858
836 164 45
457 286 678
442 155 828
856 55 970
248 113 955
156 247 433
347 34 847
452 396 957
117 77 676
625 178 426
214 248 187
891 274 94
701 94 888
548 120 218
945 131 755
375 328 726
209 224 481
830 230 523
274 7 563
756 219 8
838 221 647
671 130 826
497 41 390
479 114 453
769 259 324
540 71 234
574 154 200
128 10 564
993 343 333
180 212 119
129 141 590
726 85 784
234 223 493
626 367 645
440 242 108
521 170 334
84 394 472
736 312 910
199 211 579
311 155 722
132 195 603
376 291 309
50 394 667
413 276 724
936 354 79
979 212 388
840 231 468
32 211 967
358 263 701
517 105 998
304 172 239
343 379 669
846 252 534
554 265 615
759 325 645
309 278 693
241 35 20
374 199 428
870 223 56
603 154 760
758 90 645
47 295 609
415 242 819
524 383 402
430 1 583
951 342 729
685 331 946
947 217 131
668 191 352
116 264 106
769 88 86
416 187 727
999 75 950
690 64 958
459 199 35
254 31 590
763 319 120
75 355 845
937 146 290
223 232 740
293 249 326
10 248 56
598 47 255
205 47 88
255 136 979
500 377 944
715 365 391
854 227 10
752 353 644
730 69 251
971 288 379
92 207 398
681 151 557
294 240 818
851 260 161
147 174 724
796 263 126
62 371 491
116 48 283
836 327 916
730 374 183
131 361 702
596 167 560
598 229 914
229 376 156
508 264 364
802 361 772
207 303 370
27 221 970
2 30 900
372 31 634
105 109 515
57 203 952
180 107 507
681 365 646
749 182 223
914 337 441
470 68 547
21 25 872
458 199 284
853 52 975
981 141 242
626 102 963
868 344 861
71 224 932
341 78 737
988 215 166
185 211 944
589 285 478
889 287 285
890 60 490
551 248 719
154 122 544
431 148 405
737 294 601
537 49 752
88 353 371
992 249 632
784 237 395
908 19 191
569 309 789
490 284 164
410 102 415
328 352 668
281 309 403
432 126 526
350 14 316
260 37 256
934 94 18
227 134 438
106 339 188
457 206 157
804 194 220
890 295 204
325 52 653
286 102 702
77 278 837
599 22 815
708 180 574
801 221 213
732 375 752
656 362 961
493 213 595
338 85 784
3 320 220
363 73 910
890 299 991
35 225 937
523 156 61
208 204 898
737 301 701
192 120 341
942 346 207
975 171 723
296 386 566
731 275 640
833 208 477
105 228 767
376 217 816
302 251 688
552 109 73
562 171 822
719 288 40
68 245 563
903 219 209
892 147 581
288 289 528
666 200 967
727 201 362
922 308 30
870 308 985
410 212 531
499 287 81
344 69 491
17 198 94
465 24 782
313 354 165
408 319 946
668 184 264
776 368 314
193 241 628
505 257 937
574 115 540
220 376 938
944 255 916
881 127 807
9 347 387
791 324 789
43 193 561
827 212 219
414 262 378
144 106 511
393 150 183
730 336 119
374 118 11
363 264 499
933 269 233
473 10 31
1000 269 379
238 203 839
691 216 869
453 346 374
1000 284 19
26 71 215
892 325 531
598 238 186
490 14 453
297 262 891
207 109 827
733 63 104
649 169 192
253 10 184
455 156 742
699 263 304
205 379 456
373 270 725
725 148 67
383 37 102
22 211 695
514 254 667
366 321 548
133 38 294
867 346 700
373 340 840
564 18 401
702 336 58
262 333 570
645 150 934
586 261 467
928 248 439
140 31 226
416 338 374
852 351 428
561 241 434
581 353 177
861 142 47
795 178 652
554 308 31
775 98 435
323 227 861
430 259 575
594 86 123
360 344 202
821 183 377
611 389 447
397 209 698
226 355 251
865 3 302
524 301 706
207 224 685
878 77 619
159 31 758
107 136 758
5 83 789
922 114 944
562 314 485
414 62 549
477 86 206
549 63 619
602 300 194
823 42 584
900 330 245
399 55 355
687 213 569
924 309 936
766 333 382
404 262 789
887 136 828
747 367 142
929 230 11
264 19 551
962 344 753
18 224 722
572 153 891
740 105 46
187 116 852
382 298 891
309 29 259
679 32 876
172 174 952
217 162 846
528 48 573
670 323 514
15 226 647
160 84 747
306 151 495
90 198 902
547 4 798
724 267 451
580 341 456
159 7 14
807 150 805
876 44 10
438 127 675
596 144 480
880 212 624
743 164 149
390 361 410
867 185 906
345 251 324
862 6 970
116 118 684
438 215 255
779 350 661
520 272 601
871 199 709
175 372 530
385 227 597
810 336 392
682 66 30
111 104 828
213 387 357
104 228 717
649 376 201
189 161 592
506 261 148
344 261 608
182 26 69
861 400 708
718 361 602
632 92 160
583 91 269
507 346 704
428 360 248
724 136 303
995 323 690
811 37 851
45 62 577
349 123 97
331 61 940
726 159 411
728 17 156
128 60 173
685 309 354
649 216 769
900 365 767
469 88 687
671 311 574
747 126 227
834 177 933
296 240 881
85 9 884
519 229 92
549 357 40
749 200 235
40 23 730
572 194 275
95 260 421
421 240 740
714 327 242
822 229 254
657 333 109
954 76 389
918 281 436
242 221 868
77 125 795
490 224 361
696 243 605
314 21 882
843 192 266
335 261 627
915 164 99
848 11 754
710 400 552
71 161 412
729 206 652
162 51 75
251 391 998
318 315 904
655 245 194
341 396 794
301 381 761
85 348 114
438 200 81
495 170 333
630 86 955
919 98 609
503 141 290
4 294 133
625 291 921
481 241 248
114 276 863
982 181 193
206 350 251
910 164 940
896 50 837
834 88 847
765 303 668
402 200 667
462 309 86
902 91 841
97 36 878
236 165 794
758 265 126
867 269 428
979 95 994
46 349 796
583 39 174
733 124 135
662 23 262
129 354 954
598 103 283
634 274 804
234 297 911
583 329 346
29 115 34
154 241 875
921 200 504
113 279 333
438 113 754
237 210 886
745 183 710
757 96 334
367 381 763
629 54 929
954 362 555
284 377 71
694 297 797
228 350 997
920 56 551
563 204 250
273 38 507
9 60 245
82 276 640
109 326 839
564 236 834
439 94 694
697 324 324
142 81 8
803 18 572
60 275 419
299 290 412
1000 45 823
187 198 93
93 243 14
307 379 317
131 128 598
289 203 161
220 4 498
611 106 849
498 83 487
570 390 698
224 95 401
121 20 852
614 254 105
386 79 705
516 197 219
291 339 615
745 176 382
470 6 476
281 53 971
64 131 424
104 261 677
6 175 657
488 144 162
315 208 555
380 395 59
574 282 575
338 74 126
573 168 988
383 209 186
168 94 931
676 19 414
725 339 756
425 110 712
680 383 636
97 296 293
11 362 118
682 101 298
693 254 863
508 65 179
361 111 395
613 78 523
330 300 743
266 299 60
693 385 508
368 159 298
581 90 563
668 258 865
105 175 490
707 244 923
554 374 939
755 359 817
576 10 791
500 257 247
515 301 333
822 298 149
675 69 153
627 47 46
968 53 819
540 66 715
988 219 202
755 369 68
517 260 108
582 207 970
690 269 421
466 310 190
864 109 63
896 170 376
702 325 755
934 134 359
778 24 780
828 58 269
974 68 464
94 355 551
982 250 451
143 182 484
443 58 925
607 300 149
529 82 57
398 260 184
106 118 948
820 176 149
988 194 941
442 256 671
747 315 377
935 297 784
757 38 76
535 99 501
236 400 247
251 304 701
694 104 598
229 139 492
173 40 891
960 363 114
548 156 645
802 312 590
191 204 691
77 332 958
676 156 259
776 331 509
804 22 970
286 76 180
688 30 474
644 306 575
54 18 633
172 385 646
317 248 207
573 108 104
443 330 872
678 198 411
590 238 427
965 196 167
28 386 47
601 120 481
135 39 696
611 69 37
228 386 750
538 352 936
966 151 52
811 177 965
38 163 487
662 317 22
39 103 962
640 264 836
980 96 451
484 10 496
431 393 47
472 24 642
622 173 852
465 254 590
856 276 604
486 187 967
649 73 741
440 123 481
90 222 580
718 189 313
693 160 847
125 124 740
860 133 42
469 66 904
938 155 436
662 386 527
449 152 48
137 309 771
959 141 450
216 107 791
47 344 340
183 136 887
119 114 757
321 6 405
146 127 639
575 249 166
96 77 984
364 17 179
146 66 842
683 187 453
519 217 962
728 24 914
505 105 479
587 244 959
893 38 372
13 85 812
496 4 839
906 55 225
972 58 312
221 224 471
313 231 408
869 36 924
974 322 665
656 150 704
37 189 716
627 369 606
846 374 761
141 221 328
264 148 904
458 79 903
914 303 245
96 355 682
486 155 729
353 238 558
473 202 992
609 128 997
449 335 412
868 21 549
97 132 659
324 25 124
20 34 219
514 71 9
99 244 364
870 101 974
494 52 317
792 211 457
230 228 336
623 108 641
897 212 581
200 367 319
705 144 737
781 151 113
954 319 664
140 262 375
153 225 328
903 129 780
822 141 345
638 286 744
580 12 923
681 354 46
230 40 355
242 29 416
129 129 994
532 79 722
106 244 577
273 237 716
657 313 975
226 60 576
270 89 467
275 126 594
599 385 503
327 38 145
186 202 83
622 269 970
227 305 32
933 251 213
287 77 814
467 240 413
714 282 941
577 292 387
116 331 220
305 148 32
850 84 216
424 129 682
818 228 302
165 43 678
990 367 272
425 229 984
470 45 713
541 46 890
452 203 295
701 98 434
653 217 337
212 156 811
798 19 730
569 369 718
461 83 129
871 154 832
186 231 178
997 377 449
618 113 371
703 20 432
753 275 886
437 35 118
586 199 904
660 323 445
296 285 803
730 108 940
461 107 712
271 304 585
80 76 530
80 150 874
348 168 302
872 313 783
44 394 817
113 375 208
441 36 413
440 156 329
284 164 631
828 63 428
110 308 856
703 253 444
757 83 614
73 331 25
657 204 427
557 89 585
13 193 264
747 133 518
868 301 958
768 77 374
810 124 739
122 113 818
95 65 523
863 288 908
330 80 501
946 43 722
462 247 871
451 184 769
20 95 270
238 333 180
537 373 263
368 61 770
745 365 991
673 12 818
77 150 313
258 217 465
53 279 786
224 11 563
313 213 4
760 28 626
820 48 410
939 311 959
285 225 889
275 39 890
489 16 28
406 323 985
354 284 285
473 39 90
640 135 540
630 3 251
625 351 532
321 347 935
142 54 30
502 93 202
95 394 962
707 100 436
805 334 371
901 73 848
441 227 409
223 8 381
6 391 66
993 319 27
167 296 809
660 35 313
249 164 528
448 33 675
531 126 887
975 240 660
750 111 914
724 115 544
220 250 488
192 98 138
998 142 164
93 358 118
80 120 455
630 208 821
689 395 660
29 153 980
200 215 917
435 220 296
825 37 248
871 81 941
894 308 412
463 154 292
642 329 948
860 124 760
322 46 750
6 40 240
594 297 631
809 46 977
545 161 845
43 368 259
264 82 182
550 359 155
460 101 78
454 58 503
710 117 781
605 198 913
915 391 695
192 200 141
949 117 691
945 110 217
448 35 964
779 244 4
827 353 626
642 189 611
619 392 513
568 301 615
71 363 722
430 7 206
268 239 972
266 267 560
66 72 850
782 297 473
318 243 984
107 207 825
342 98 360
70 274 296
858 340 710
331 304 482
228 317 22
790 191 831
41 231 607
414 200 414
891 67 877
853 308 631
146 94 228
12 76 962
1 178 627
828 222 674
699 158 10
363 215 94
957 162 901
865 121 856
376 360 363
9 38 824
310 307 166
145 367 275
936 41 185
163 75 327
674 370 81
812 340 322
186 88 452
37 49 725
333 351 967
855 291 795
501 30 766
584 355 707
906 188 368
631 164 536
404 267 602
463 78 651
904 343 940
493 64 254
839 64 835
854 309 124
560 235 207
876 2 883
861 329 616
940 276 442
116 350 892
13 358 441
838 33 429
735 123 324
792 385 210
49 178 297
674 89 292
423 234 122
687 86 553
740 225 577
334 253 31
770 206 716
572 119 558
220 53 725
790 128 451
697 117 38
423 398 872
222 397 746
706 8 458
290 184 601
521 144 657
817 91 917
62 189 730
285 332 353
679 390 266
387 387 275
658 273 356
360 14 16
221 223 726
595 242 455
772 300 87
664 276 68
290 369 794
113 371 846
999 115 756
720 119 223
652 17 11
203 97 927
958 45 271
520 197 788
703 326 40
772 174 699
834 346 69
225 13 243
673 50 859
27 189 183
641 337 644
220 48 309
935 254 148
130 139 662
655 137 598
689 331 161
798 281 86
127 285 991
105 231 511
621 215 74
979 294 391
953 235 262
800 31 92
285 104 201
71 293 998
867 231 440
869 69 435
994 400 511
236 228 833
747 251 772
590 48 860
172 141 728
812 130 423
971 80 477
926 23 685
376 348 508
606 279 858
284 398 735
912 391 17
859 306 856
38 372 595
904 304 903
436 399 515
485 320 443
871 373 365
549 20 9
816 157 134
330 146 485
269 365 467
910 52 312
749 391 629
834 204 83
647 207 393
824 289 196
905 214 315
223 389 442
459 317 256
928 236 347
943 121 489
861 284 250
417 362 715
159 253 726
753 86 518
509 375 962
307 169 619
940 97 308
682 256 472
5 40 314
902 226 685
709 207 748
309 273 51
503 18 33
19 226 962
291 170 180
153 379 405
841 395 649
291 397 147
628 21 7
797 104 354
351 335 645
370 261 661
249 375 739
2 125 301
856 294 230
220 3 914
490 235 353
942 166 560
768 99 91
9 272 509
611 200 662
225 206 294
726 81 403
113 68 850
696 327 345
142 1 329
777 197 278
841 157 969
71 228 793
38 41 162
414 259 845
621 248 164
377 1 719
753 254 51
594 47 856
390 345 680
813 240 73
953 21 452
751 384 97
740 135 9
943 68 572
967 171 850
328 356 989
160 281 784
641 92 355
426 188 720
370 335 966
836 71 183
88 119 394
31 342 143
776 344 999
598 17 76
780 104 772
663 364 989
882 67 693
768 315 926
613 14 791
426 130 225
510 19 993
397 183 705
651 259 308
187 12 767
919 322 29
738 367 742
856 58 691
86 127 234
596 72 512
515 378 809
89 281 381
868 398 30
424 367 396
385 326 518
752 342 380
234 175 439
686 354 179
891 228 285
5 158 403
358 345 291
998 376 533
356 288 141
691 270 663
155 92 548
621 240 579
500 68 180
533 269 479
210 18 622
294 384 208
216 186 110
571 170 660
366 133 303
881 184 964
728 55 554
694 221 403
368 370 984
935 135 585
631 96 273
775 334 760
511 179 641
671 281 219
643 184 926
219 289 697
137 386 710
382 113 887
93 343 8
565 257 140
543 239 62
730 82 242
609 324 385
565 7 544
95 221 730
973 115 52
776 90 762
124 11 141
243 156 742
211 361 67
396 384 656
986 6 387
809 15 819
772 9 236
894 273 898
441 336 879
430 263 549
486 43 985
923 241 145
566 372 679
997 359 851
482 265 787
112 292 45
870 97 430
884 113 527
267 360 291
551 84 203
954 302 795
829 333 28
633 288 729
999 391 850
880 102 849
755 343 971
731 231 580
670 238 155
199 82 45
333 37 612
134 248 353
441 9 661
177 121 133
754 129 593
310 262 614
659 329 296
536 385 247
369 54 821
212 148 843
511 255 341
880 206 303
37 104 757
41 188 404
1 99 646
700 383 799
826 330 214
329 125 512
699 319 260
982 283 403
823 180 290
438 47 486
990 348 323
450 99 154
461 81 218
510 261 243
523 248 2
190 136 346
499 71 154
867 253 248
130 349 588
442 294 206
707 145 341
202 165 904
442 242 273
287 260 272
780 10 869
751 61 417
117 189 2
254 84 676
33 137 917
789 235 221
940 69 853
753 132 314
453 28 508
923 381 450
913 138 281
746 146 3
838 164 205
67 95 146
195 336 658
49 13 854
871 175 636
828 140 444
79 328 593
717 213 852
485 298 714
133 332 316
413 94 711
392 329 715
378 23 213
862 216 977
564 349 881
937 346 957
970 254 268
202 256 132
620 118 755
455 192 366
779 132 649
900 3 371
879 277 917
700 50 122
277 181 141
880 234 688
671 5 33
896 397 853
46 84 998
844 15 828
696 383 586
37 80 33
928 27 826
662 398 302
591 222 306
67 192 553
382 290 852
148 380 564
250 287 124
527 389 54
548 272 595
176 252 529
315 398 93
579 60 344
604 41 974
18 157 101
869 81 729
594 270 35
54 365 217
157 113 721
479 295 226
472 371 603
615 37 129
102 243 557
342 131 689
673 355 27
633 24 131
861 88 697
889 255 995
325 343 820
506 330 764
255 280 326
663 278 20
659 9 155
144 36 985
702 364 256
849 165 352
853 296 72
164 135 188
88 322 254
397 349 285
202 368 886
45 138 953
866 275 420
594 168 375
795 387 602
760 122 965
471 223 798
565 123 305
750 38 82
998 123 473
489 223 222
930 399 863
814 343 912
112 314 47
553 240 836
41 160 372
284 89 50
168 378 700
699 184 641
721 359 214
80 58 710
966 84 514
325 207 392
239 396 794
439 95 111
366 396 28
506 119 266
108 121 194
968 82 340
299 134 53
185 27 162
919 271 706
28 81 295
681 267 833
828 283 869
947 119 158
139 31 760
761 127 836
711 137 574
308 50 643
365 125 185
876 179 912
334 84 358
661 125 945
466 41 906
839 208 822
685 239 111
306 80 279
339 396 245
535 152 292
945 379 218
908 36 370
654 301 306
910 255 996
301 183 555
447 130 879
372 377 860
697 320 577
250 56 810
474 50 587
556 93 912
998 174 284
81 31 137
524 365 13
516 107 24
680 309 510
871 54 309
676 344 969
99 11 696
995 227 158
3 363 389
568 398 449
321 176 563
448 128 542
797 152 229
188 143 707
96 216 627
828 160 425
151 312 579
566 150 921
532 330 220
760 315 273
739 180 896
768 128 957
30 77 328
21 69 225
968 358 416
59 131 56
138 153 935
346 365 447
157 215 302
94 360 837
559 30 632
864 318 357
75 258 168
825 17 353
935 129 470
995 142 143
226 13 92
278 13 769
696 9 218
93 108 259
839 340 821
91 274 582
673 352 35
339 251 372
465 149 494
917 261 835
611 360 814
47 391 508
347 248 107
992 117 991
903 296 704
73 373 694
899 154 611
283 230 707
706 302 272
286 167 463
197 176 370
941 98 614
882 7 852
580 62 10
926 222 703
856 263 494
679 217 571
770 214 149
214 366 795
73 152 116
576 30 827
915 32 986
375 124 214
592 322 744
970 253 31
469 128 785
144 215 502
988 32 337
856 327 714
351 248 881
895 218 144
742 377 595
755 103 292
102 361 901
723 175 168
110 184 337
291 86 479
574 40 354
394 78 668
429 158 152
425 92 93
853 87 731
942 340 776
525 74 139
844 81 781
665 189 293
219 24 947
638 396 838
846 98 720
266 340 973
845 42 227
736 319 878
37 275 246
292 292 920
636 63 996
459 31 447
35 254 527
619 161 274
145 60 46
327 77 845
676 375 556
522 263 572
2 395 250
319 48 428
790 72 938
761 222 145
715 88 725
278 351 522
929 339 758
468 260 428
889 125 974
800 19 847
619 19 616
518 31 430
626 378 41
978 143 819
941 338 989
586 305 373
32 345 913
293 68 747
640 286 667
79 290 746
779 328 302
65 140 537
635 16 949
626 223 642
915 195 356
319 68 847
936 77 320
533 242 469
531 354 973
526 14 42
549 57 517
358 357 578
378 282 603
161 40 25
700 15 33
722 365 101
301 209 742
771 73 655
318 265 158
143 152 482
170 182 244
860 255 699
7 212 838
676 220 915
755 313 446
347 387 110
251 138 828
294 148 568
374 32 137
645 157 358
520 309 676
673 395 12
174 77 172
180 211 171
758 254 506
471 174 503
315 114 752
746 349 347
524 127 692
74 103 687
166 157 262
313 377 924
987 79 328
350 354 386
284 230 345
427 60 666
160 133 576
772 161 998
446 158 976
58 376 632
494 20 519
252 221 525
799 111 538
978 107 399
444 106 277
673 52 952
648 382 875
799 353 406
655 117 488
288 115 695
802 7 586
931 392 619
437 120 109
380 101 715
242 34 67
439 167 350
181 393 56
822 31 562
78 390 695
719 77 471
180 303 166
28 236 732
409 35 962
703 139 681
554 276 27
784 106 629
380 293 811
968 155 680
427 229 688
618 317 88
740 366 345
869 45 57
53 281 362
210 303 539
519 97 458
416 7 865
288 229 849
163 252 788
379 97 105
495 294 163
716 93 424
482 82 175
920 400 694
787 83 603
591 285 145
764 358 611
914 278 20
725 197 14
229 344 495
428 111 652
286 398 212
578 306 758
839 319 887
954 124 441
720 98 540
625 194 793
899 307 882
300 194 230
253 20 427
961 62 550
748 262 616
264 154 105
338 176 1
159 346 719
388 137 217
898 153 806
994 176 385
515 47 798
730 358 616
675 242 365
198 39 207
898 46 550
315 43 684
998 150 84
578 75 123
696 143 100
919 305 165
632 33 908
585 37 144
822 329 580
933 54 536
513 299 187
751 207 370
532 120 770
795 52 613
631 142 15
210 348 814
972 188 935
768 76 969
805 287 902
696 187 648
687 15 921
725 231 144
183 205 774
369 90 581
892 372 9
625 388 103
510 361 69
360 28 544
854 34 710
365 360 116
329 59 280
756 269 530
631 185 570
605 263 828
408 83 729
902 245 184
775 191 239
790 288 409
288 24 162
106 213 918
720 200 535
978 191 46
562 147 937
49 139 536
633 340 79
299 144 299
642 98 63
446 284 836
187 124 856
123 82 359
321 47 191
530 282 586
162 363 251
147 196 85
140 136 719
708 160 982
336 135 243
451 50 10
426 335 611
348 64 165
601 82 89
432 242 140
965 223 574
463 76 23
633 112 280
696 76 29
635 390 754
7 289 70
973 315 888
986 319 411
779 30 425
258 19 774
710 369 553
468 315 456
236 116 18
39 99 202
686 179 997
207 108 554
491 290 211
112 20 40
756 294 763
517 343 251
454 23 199
733 92 24
402 58 264
971 320 527
785 169 542
92 51 71
357 64 703
168 279 455
400 9 35
48 256 782
480 138 341
228 396 670
29 155 303
742 310 180
426 171 588
595 86 917
550 392 395
6 308 500
959 308 337
382 214 281
170 259 184
842 265 385
252 329 767
470 36 486
861 270 495
263 116 725
528 302 979
366 21 281
303 270 956
499 2 375
503 105 939
863 47 415
864 387 875
236 94 333
225 114 907
648 147 990
208 34 31
342 353 282
645 277 172
584 202 106
347 135 284
853 302 310
439 151 463
999 329 220
214 89 545
583 108 509
290 162 191
215 52 33
480 101 784
360 85 546
347 393 24
453 389 99
365 366 326
616 340 674
509 139 172
42 346 27
102 91 493
46 318 790
480 26 112
883 228 504
533 80 85
577 94 716
155 396 632
720 233 567
361 217 442
116 258 253
629 365 763
316 148 955
439 382 771
970 296 438
762 41 45
726 139 840
818 342 317
706 230 809
928 311 893
725 208 727
406 206 408
377 50 443
97 79 796
991 209 479
935 187 402
384 104 880
61 167 497
748 121 459
48 78 461
818 36 106
628 48 422
446 75 698
785 126 92
274 105 583
312 118 183
196 247 458
979 41 723
959 259 197
26 232 372
90 38 321
942 348 133
79 58 291
392 50 540
179 303 813
189 138 442
845 121 767
61 355 681
41 72 358
969 61 707
891 356 915
114 66 375
182 37 114
191 268 756
507 37 220
764 284 93
601 387 986
805 110 682
29 50 190
812 194 68
760 331 556
129 105 270
491 11 165
407 359 919
139 347 765
475 271 93
424 342 588
353 39 218
818 198 868
464 217 541
873 336 742
25 388 791
41 381 238
842 162 960
650 145 143
858 134 998
249 32 829
882 375 256
341 343 793
357 113 392
302 97 396
183 204 267
523 233 935
93 160 922
790 53 547
364 190 605
958 192 693
289 284 13
570 131 181
397 371 287
866 7 333
50 37 722
233 98 658
941 162 927
53 322 872
405 231 819
391 336 848
514 295 46
900 201 697
728 150 889
812 98 589
23 33 646
100 198 384
616 280 378
378 123 254
192 394 32
311 394 649
342 151 550
498 273 11
443 345 291
865 23 450
953 121 14
648 51 548
570 129 452
88 44 380
656 111 389
902 357 455
24 379 586
16 275 147
603 198 218
528 366 290
995 289 550
157 360 517
154 91 78
587 298 107
538 11 452
150 143 512
308 317 964
362 350 299
801 165 708
374 267 865
938 128 762
191 280 619
75 377 524
203 236 775
298 71 296
731 201 429
492 290 868
818 123 880
743 130 343
456 376 168
3 194 29
333 35 336
225 94 526
109 349 325
874 8 306
728 114 56
305 164 37
459 187 314
728 179 759
742 383 966
285 26 498
635 359 774
515 395 694
427 80 569
876 194 267
529 241 836
37 88 394
247 374 396
899 27 27
196 99 950
235 126 220
376 284 131
544 338 169
106 271 760
942 259 507
226 199 694
381 155 403
132 216 769
499 9 913
768 236 413
735 23 359
624 355 222
956 315 254
53 24 313
321 126 142
376 74 947
144 235 460
338 325 241
959 105 973
693 203 302
658 176 712
999 54 458
94 294 185
213 292 748
148 299 154
598 308 597
94 257 331
549 370 764
120 400 893
920 128 12
528 100 793
734 275 861
540 205 170
501 127 821
221 124 657
833 78 101
883 337 466
234 298 960
880 96 421
622 77 444
282 238 439
151 114 9
996 367 238
132 138 380
772 149 308
463 242 258
355 341 806
562 348 389
776 5 309
184 244 556
917 363 574
880 112 636
610 299 813
768 49 871
639 44 10
244 301 373
588 307 731
703 220 758
856 347 108
248 66 913
434 23 748
490 72 514
199 318 698
863 154 197
276 207 893
663 252 381
78 375 533
977 68 889
186 350 578
1000 1 671
298 124 972
742 266 87
15 26 291
68 135 907
268 343 184
741 138 731
178 367 87
735 288 703
617 53 847
827 388 340
486 215 64
237 15 955
24 208 170
1 265 721
795 398 993
43 172 285
150 270 384
593 219 519
242 96 804
172 110 208
268 381 26
436 25 339
514 142 16
871 221 300
812 107 689
598 281 223
500 207 434
699 352 247
458 42 461
1000 327 753
53 151 1
341 37 642
807 62 699
374 368 428
739 212 378
357 397 592
626 277 773
122 361 532
677 106 501
671 371 426
980 287 696
976 249 446
662 21 146
46 396 537
594 38 614
443 200 696
442 191 335
718 200 304
220 122 39
969 376 57
209 249 388
335 215 129
593 379 29
57 270 722
524 84 352
202 263 240
628 9 148
248 304 459
304 384 937
382 163 704
940 185 649
984 331 997
871 286 680
797 36 375
772 202 208
313 89 925
267 348 464
500 116 318
692 142 167
55 13 361
184 230 951
267 230 525
967 147 227
619 250 444
726 15 830
486 373 43
71 145 494
217 117 34
852 243 380
698 333 756
566 14 664
41 55 297
237 176 982
943 7 982
856 337 764
679 23 291
297 104 877
70 322 623
536 50 487
427 344 966
84 2 957
839 106 103
609 363 982
659 313 324
864 145 420
727 276 889
427 303 679
504 114 630
160 208 43
754 208 159
871 369 116
770 152 505
804 225 207
40 98 529
750 17 744
850 365 25
295 258 679
476 162 905
334 59 518
78 326 531
797 331 477
847 337 241
99 333 819
849 202 919
676 360 745
236 171 410
141 259 281
784 41 3
493 54 281
894 21 203
794 130 598
596 374 353
122 8 764
965 344 990
262 155 858
702 71 342
610 23 591
808 155 369
524 211 889
586 163 266
844 152 366
901 52 120
697 322 296
349 305 372
6 323 164
942 366 133
923 291 321
692 372 765
623 8 946
756 20 438
269 152 802
722 194 999
834 232 159
994 111 950
917 296 30
220 383 631
454 372 470
950 375 874
958 269 345
835 45 976
462 235 108
589 156 362
324 186 746
154 344 401
314 307 581
625 372 117
16 312 243
466 9 487
772 191 819
400 390 764
126 251 516
690 31 391
29 329 884
502 340 748
952 299 241
565 268 435
697 40 221
953 221 350
949 57 477
300 369 188
326 63 749
434 254 334
684 227 975
430 392 186
134 397 877
402 221 694
175 86 430
305 183 721
482 118 240
141 256 753
820 184 489
749 386 22
558 367 942
288 28 26
289 167 784
811 109 354
472 67 163
227 206 580
624 55 995
688 295 189
161 358 925
78 49 587
904 4 271
507 79 359
192 87 320
355 395 893
330 260 616
146 287 498
348 176 505
155 27 634
362 102 807
490 329 205
560 65 446
498 176 579
266 140 500
40 313 87
94 63 424
259 201 470
886 380 440
636 337 731
467 210 244
563 111 722
643 200 962
996 229 978
799 24 57
630 326 642
51 99 970
720 280 256
233 329 757
457 74 201
94 208 531
559 35 838
692 40 131
68 379 941
756 360 948
504 378 562
925 330 401
8 41 725
185 160 646
877 316 86
699 69 834
478 311 638
232 383 879
894 274 184
528 40 714
488 246 884
525 60 290
294 28 769
365 323 512
938 368 913
885 5 540
122 81 789
467 41 319
950 229 612
632 336 780
184 229 221
803 60 706
371 291 738
372 314 729
168 80 294
429 92 511
901 63 573
765 68 21
234 187 55
400 233 494
892 193 721
863 32 302
490 110 876
109 272 737
422 361 567
758 45 710
274 134 136
36 301 699
320 311 561
389 47 256
456 43 672
140 124 882
759 245 977
679 19 173
461 111 447
820 46 491
416 97 417
861 39 8
571 20 1
664 251 30
871 228 646
286 34 959
76 179 116
506 370 492
225 138 375
213 111 551
550 140 361
142 395 585
16 119 915
383 310 657
488 230 875
745 174 610
527 207 341
940 301 372
593 290 216
658 92 546
985 89 469
65 144 767
554 400 127
617 151 684
738 24 645
898 52 843
711 302 83
873 353 180
17 134 386
177 213 943
278 114 621
634 266 359
833 279 191
925 115 436
909 259 208
960 198 638
446 229 760
80 268 722
156 99 54
283 265 78
914 314 931
825 178 28
185 234 142
411 145 52
602 291 88
513 127 88
316 154 952
183 350 631
796 181 632
448 10 606
303 87 294
690 173 574
426 213 776
117 129 515
785 323 555
537 109 404
653 30 489
423 203 856
339 314 439
258 77 28
338 93 152
88 395 760
181 241 64
40 66 239
403 75 423
768 96 70
334 376 351
807 271 337
978 305 817
211 248 958
267 337 781
9 223 338
666 40 894
331 31 65
479 77 767
305 87 383
943 105 667
483 296 264
851 279 46
66 130 651
892 130 666
478 227 818
552 277 759
126 228 397
680 23 180
59 301 333
785 387 214
330 144 420
515 374 547
327 58 644
531 211 11
596 267 786
587 370 207
49 264 748
296 290 200
325 171 52
841 91 383
892 44 615
340 334 445
37 354 123
869 184 386
375 189 382
483 164 70
218 255 749
205 195 906
338 24 905
220 244 132
426 330 808
793 280 646
607 65 906
353 389 116
506 181 501
738 296 439
324 291 699
33 72 805
530 246 781
749 238 373
951 88 564
802 319 577
855 75 340
209 292 533
97 271 872
60 307 976
871 227 171
449 224 175
226 17 748
282 381 617
517 39 546
748 220 440
461 153 403
632 315 43
385 219 266
244 64 647
686 355 633
767 109 372
681 233 668
470 33 77
139 125 740
768 121 890
255 270 55
964 323 92
791 247 120
909 199 356
784 228 707
391 205 498
365 327 969
487 342 710
548 298 494
686 117 83
73 353 558
722 344 316
247 140 627
355 85 67
930 70 916
588 101 410
461 295 743
774 51 210
817 131 852
739 398 429
407 143 273
920 8 754
938 382 544
926 328 807
529 49 313
781 371 903
864 237 820
422 110 393
496 243 164
980 7 795
278 160 978
854 166 539
330 148 500
606 371 661
483 132 938
70 47 386
389 131 246
810 356 10
918 121 615
619 339 723
852 376 542
449 20 395
858 291 210
747 256 4
462 17 669
895 323 723
885 6 767
288 286 936
879 267 120
707 166 274
168 231 761
938 192 540
942 291 24
560 236 443
12 112 170
730 323 214
159 289 346
614 395 713
892 40 219
463 64 906
592 186 198
633 280 744
735 186 316
812 333 238
828 266 547
161 203 963
848 113 971
156 282 35
140 325 11
807 157 108
54 196 193
646 264 350
547 237 429
794 335 755
385 385 71
21 223 899
442 311 444
478 104 34
217 380 686
436 247 98
757 275 820
87 164 14
231 139 717
422 301 664
929 42 32
995 302 849
413 329 34
515 86 455
954 38 97
533 119 714
807 16 34
3 137 54
344 273 666
47 268 607
162 331 101
712 201 959
997 8 872
300 47 494
118 364 61
400 210 390
283 76 324
294 271 674
44 353 368
106 161 640
130 216 714
672 163 871
820 153 485
280 338 590
452 338 29
712 305 333
685 199 324
905 230 435
915 370 942
189 145 778
911 133 891
662 130 411
511 48 231
140 276 312
107 6 447
145 373 271
255 245 813
659 210 704
745 304 466
428 372 385
729 268 624
847 65 534
729 315 628
911 152 63
902 211 965
477 261 487
620 178 143
996 71 98
805 276 333
76 96 510
194 319 309
486 362 565
966 157 908
15 211 57
531 349 10
717 27 161
472 370 399
152 63 501
734 56 613
219 144 32
446 336 771
534 148 848
155 31 179
247 42 634
704 238 528
319 16 939
660 266 456
45 224 600
611 210 632
393 30 223
370 253 969
426 191 915
163 61 421
842 141 355
727 92 744
701 37 254
55 376 69
769 375 121
648 360 558
544 39 269
509 138 304
217 205 604
408 34 960
574 280 348
10 71 521
702 368 729
423 395 173
225 374 184
826 381 141
128 329 876
13 366 696
113 37 328
49 59 818
677 326 345
454 284 413
99 49 789
784 87 8
528 311 421
652 367 798
753 91 653
939 384 574
709 278 58
579 138 568
662 129 197
340 378 235
832 314 597
28 365 243
398 50 528
570 293 676
411 349 888
567 330 700
101 388 446
418 289 208
615 354 131
873 364 677
118 114 338
641 339 832
983 237 703
794 363 525
664 6 17
517 95 564
111 214 107
852 58 526
168 275 584
246 57 845
427 396 585
14 72 470
391 101 782
313 359 84
37 387 975
626 374 209
832 37 500
958 82 256
21 39 446
93 99 296
469 368 377
807 380 231
34 212 281
326 109 834
588 228 253
185 354 960
114 250 88
359 197 59
950 361 44
688 214 521
889 15 150
110 397 55
816 41 363
331 42 791
849 305 19
188 73 59
137 37 992
212 21 24
925 237 996
924 9 899
622 60 648
42 182 16
107 238 438
40 320 299
15 76 666
464 160 557
269 274 986
523 177 186
279 315 716
259 311 104
43 141 619
96 202 465
848 196 236
432 400 427
467 122 391
837 128 634
133 103 693
596 157 397
673 24 103
844 207 684
698 45 508
982 359 975
327 123 972
159 174 566
114 355 458
338 372 747
961 130 112
520 307 75
814 348 539
118 119 865
337 253 720
29 339 423
849 221 205
673 140 823
22 18 333
366 304 879
689 129 126
342 161 210
658 33 412
950 3 802
676 51 892
492 201 300
357 80 111
728 167 672
382 7 64
446 354 277
842 264 610
144 322 18
926 194 908
409 341 122
991 18 279
302 179 201
582 315 488
203 286 613
701 392 782
68 250 702
335 85 279
213 42 694
812 278 896
384 50 417
976 41 305
349 160 674
61 220 639
29 218 274
5 110 856
937 316 16
776 347 183
438 5 234
682 81 822
49 109 978
985 92 578
823 13 449
190 254 13
462 65 190
291 301 264
371 299 893
313 177 864
800 323 366
433 81 787
925 250 630
34 183 480
546 119 313
488 45 687
99 273 284
951 164 407
646 379 898
471 169 547
656 52 731
335 234 424
630 119 440
828 147 496
735 342 960
199 65 915
811 381 839
844 245 527
890 218 365
309 88 994
631 129 461
613 241 533
720 164 803
599 43 873
483 329 335
327 71 8
344 191 756
723 2 780
284 67 611
561 132 306
336 192 144
822 274 492
127 360 528
87 222 676
487 108 878
189 135 93
798 318 331
570 188 21
192 22 519
504 276 862
829 5 874
448 174 553
1 242 221
620 301 718
818 245 461
616 355 915
196 8 547
408 220 866
713 392 931
633 328 165
191 82 634
421 168 248
546 96 903
467 327 601
287 261 905
220 179 891
628 265 275
847 33 449
114 289 659
127 298 390
470 245 250
500 297 804
295 212 962
824 381 520
694 163 986
645 335 99
340 257 354
866 109 372
354 343 97
815 211 617
224 293 231
420 319 567
744 32 929
40 238 825
413 146 371
626 284 194
336 330 701
251 235 562
423 63 329
748 3 473
749 67 131
115 295 308
591 226 978
798 191 109
326 93 954
973 26 8
91 309 717
977 378 655
466 286 795
33 330 665
410 395 11
351 142 687
720 17 579
70 208 181
88 81 305
584 309 877
299 137 502
42 34 498
477 234 246
97 10 667
681 1 531
298 163 831
297 358 676
650 54 384
624 206 156
266 17 678
770 196 268
336 212 674
972 277 602
807 273 188
503 332 12
143 78 271
841 210 516
747 261 71
489 360 610
309 248 912
880 170 374
379 250 938
980 50 610
118 378 734
939 29 956
135 374 811
937 347 909
239 276 229
821 333 917
85 89 902
59 134 378
776 72 870
474 48 699
405 243 332
609 317 374
100 310 604
221 262 243
991 24 722
63 177 977
900 14 553
868 180 249
879 71 539
275 190 893
41 258 796
478 125 209
767 344 454
669 385 657
764 135 436
867 257 278
690 174 802
873 114 20
33 381 81
988 178 54
512 157 608
489 279 394
711 64 848
852 1 618
839 305 178
91 294 212
876 144 838
188 208 85
696 31 553
533 141 667
685 185 456
862 102 288
893 211 46
525 331 234
73 143 118
236 276 93
10 394 302
965 365 207
667 106 584
248 201 901
528 117 210
139 87 947
364 329 438
47 167 478
84 386 91
235 195 57
602 111 751
89 136 349
572 252 729
116 149 113
150 29 84
907 43 111
83 233 723
264 146 280
18 381 285
877 168 985
412 13 772
106 252 429
293 91 990
99 53 900
643 191 179
132 168 31
79 86 893
798 157 324
700 47 4
641 277 897
202 83 411
148 393 697
956 69 1000
286 234 932
976 119 290
866 368 765
452 390 969
129 170 430
221 113 637
843 400 575
454 398 385
586 333 80
903 195 387
564 221 371
348 240 299
252 67 429
430 117 504
106 335 833
897 64 424
177 76 802
167 205 233
201 33 819
822 167 102
13 95 169
419 43 228
901 368 92
668 89 84
300 147 999
418 99 532
194 143 784
587 228 825
707 297 447
755 35 202
626 218 810
352 278 930
968 345 502
544 27 630
214 68 585
85 178 717
292 167 612
902 182 490
602 54 323
988 273 745
32 240 678
117 205 176
314 375 314
224 118 185
308 174 744
896 108 90
105 272 807
992 213 238
415 398 953
643 72 187
243 34 935
951 275 107
607 263 173
204 20 524
825 248 927
63 102 927
143 201 975
628 140 938
906 36 521
585 211 930
684 157 224
53 38 870
709 58 242
748 222 474
58 236 91
524 238 791
718 161 251
849 61 902
61 209 781
415 117 289
109 101 919
57 2 609
296 252 264
315 49 11
454 109 80
308 244 659
139 140 662
238 67 879
440 336 744
498 183 740
46 55 291
219 263 723
518 29 426
685 156 547
763 111 250
44 46 641
149 294 294
138 41 618
714 1 203
659 310 416
761 236 598
147 355 341
668 66 431
770 138 802
926 325 458
979 225 179
654 272 526
428 178 722
845 39 269
996 121 813
144 384 944
835 216 533
998 98 584
603 110 82
991 154 678
76 212 219
69 371 8
570 301 559
552 17 767
859 18 305
110 344 41
94 97 976
488 196 602
226 217 836
309 372 339
688 234 350
989 179 656
763 165 899
601 166 241
769 247 523
157 349 966
30 194 148
526 108 563
812 377 985
602 108 544
517 247 528
831 110 736
992 339 344
179 73 894
142 358 882
765 53 784
913 71 32
867 287 88
887 168 63
233 225 360
703 276 572
337 242 814
300 370 903
656 80 319
356 132 470
565 127 384
879 350 234
325 293 467
421 118 119
118 124 17
824 107 717
353 169 428
544 149 973
321 296 574
689 318 841
85 52 928
849 10 581
994 74 143
164 284 821
147 329 984
823 372 977
150 7 633
290 171 258
450 327 767
780 123 759
514 74 776
591 230 49
214 138 7
811 95 803
375 198 475
583 53 200
943 281 675
13 216 892
928 175 445
735 163 213
894 96 304
265 94 253
866 243 321
879 145 583
341 140 85
264 398 650
49 143 698
109 128 885
913 275 559
970 46 321
841 262 685
869 384 812
789 196 100
302 167 415
356 278 842
7 333 656
465 14 531
906 169 210
694 33 937
356 158 112
9 269 342
628 336 334
692 339 730
303 335 716
101 120 38
132 328 104
148 325 699
714 234 678
840 111 502
184 149 470
655 174 592
571 53 141
48 28 637
999 36 764
61 389 135
131 297 355
908 80 198
610 111 308
551 188 488
515 176 640
219 320 494
337 189 277
713 210 490
423 19 348
3 138 198
318 14 828
189 320 395
473 274 657
860 158 921
783 373 161
41 277 837
218 355 189
283 172 691
397 25 912
162 99 46
787 3 91
660 12 174
309 369 384
341 240 667
221 310 198
941 96 177
316 260 182
127 214 252
494 79 185
351 104 215
450 194 357
924 157 170
788 333 62
128 375 126
276 260 638
162 36 892
630 276 106
770 15 554
854 211 63
596 42 286
268 211 976
636 223 444
280 40 560
767 273 502
939 308 25
636 108 981
710 324 497
326 44 213
536 356 773
699 102 658
46 59 960
545 234 137
515 376 326
27 366 592
850 362 742
625 362 367
718 242 982
834 31 907
814 349 385
303 3 975
976 118 671
63 98 310
1 202 234
163 224 624
640 58 75
606 73 510
758 208 843
296 18 224
579 212 845
127 339 171
592 185 4
254 98 284
154 269 476
336 383 78
555 142 108
203 99 254
626 210 625
408 194 160
417 214 621
755 171 93
106 87 34
913 27 252
934 356 783
243 244 933
437 367 485
234 262 583
267 270 36
53 308 265
71 202 702
355 220 747
452 126 905
129 270 362
712 337 725
828 196 51
663 18 416
554 242 639
469 47 554
575 310 606
449 205 999
733 30 724
418 293 30
812 164 286
73 307 114
47 50 726
547 379 540
589 111 75
739 321 725
821 263 61
66 18 647
751 194 371
39 4 577
69 285 877
493 378 843
390 310 370
528 75 355
762 350 290
736 367 329
568 288 975
882 221 36
381 24 618
114 101 309
32 300 666
168 160 953
75 125 744
206 30 242
857 1 541
179 212 421
377 131 337
5 191 115
704 182 268
940 213 97
602 274 518
819 331 322
775 25 778
551 252 527
430 273 907
917 323 123
122 396 214
977 180 154
887 106 568
193 174 663
193 21 62
917 250 8
628 209 91
779 167 584
965 78 669
267 333 467
637 136 560
216 368 481
251 58 718
49 157 652
65 373 104
875 320 626
300 240 120
915 369 172
753 149 552
293 364 265
984 338 3
705 117 150
900 284 628
701 378 532
108 30 553
627 324 971
405 400 386
117 292 978
459 30 824
648 281 318
43 176 136
190 232 194
803 175 593
961 217 59
153 218 945
96 358 167
710 289 197
533 175 217
2 6 40
541 15 484
286 208 983
74 242 289
783 243 948
959 291 522
905 59 720
686 374 649
349 96 124
387 236 610
273 353 101
530 287 854
217 350 304
681 268 587
545 195 504
680 380 784
544 371 614
758 340 156
315 41 418
132 203 827
641 162 882
661 160 144
70 289 978
31 278 435
432 98 660
683 41 925
992 190 512
899 22 499
306 347 716
276 64 920
339 275 538
111 115 259
799 222 875
599 99 548
657 34 321
666 341 627
144 334 723
807 294 729
902 165 36
300 218 451
780 95 689
513 141 688
405 217 74
606 187 607
324 301 705
5 154 47
184 22 365
303 120 877
248 260 179
562 38 250
479 24 334
935 307 347
533 271 220
641 369 255
906 2 551
808 248 74
185 298 806
46 154 76
204 61 207
683 377 162
253 43 843
817 215 210
668 205 499
161 304 838
653 105 836
519 224 307
456 360 846
44 131 428
744 222 730
366 93 985
483 143 541
765 367 396
220 176 790
273 2 792
846 364 216
832 312 401
919 72 2
741 220 78
697 376 315
322 138 894
601 79 126
175 152 716
3 371 439
278 48 30
931 99 111
127 220 203
682 136 960
223 376 37
772 210 24
756 159 1000
305 124 327
764 331 15
857 186 123
993 72 293
223 286 987
325 137 385
208 149 269
657 241 268
399 183 147
795 154 434
477 104 998
371 347 373
308 142 669
415 278 795
293 258 710
222 14 63
413 52 472
685 203 587
327 144 387
740 99 863
866 11 726
319 141 6
578 261 601
412 210 118
623 48 51
57 183 436
628 134 360
672 329 873
924 244 89
39 212 563
820 230 785
14 208 502
729 32 912
653 264 83
293 288 13
371 188 560
142 236 281
436 295 418
620 282 518
498 265 137
488 314 312
715 330 708
424 369 80
637 18 544
157 159 401
864 50 128
211 63 197
16 114 618
203 208 325
664 174 292
57 221 179
291 371 666
920 277 471
242 349 787
860 112 913
54 273 686
309 332 739
619 179 327
781 164 709
208 224 276
982 228 442
941 17 806
822 327 682
777 203 708
243 173 764
397 219 531
869 17 88
543 11 379
930 252 606
511 303 246
674 68 164
47 40 376
878 150 180
940 68 76
817 30 893
35 397 446
431 145 355
39 380 470
983 367 567
963 153 389
333 79 367
108 228 456
120 68 973
243 317 187
340 371 615
518 362 307
251 136 154
959 144 510
364 45 715
306 15 186
301 132 392
896 200 387
925 90 934
10 393 805
200 57 553
816 208 655
936 338 538
623 353 157
376 80 223
334 360 217
886 77 927
955 271 327
923 266 92
718 78 852
614 221 88
569 313 636
725 342 60
170 337 585
395 282 152
368 118 91
17 354 381
606 233 734
886 223 80
7 119 814
782 354 405
30 210 912
219 268 494
329 302 94
748 375 649
370 301 558
781 118 106
785 199 244
845 87 956
131 63 960
128 58 533
293 220 498
440 110 188
384 64 212
750 345 615
678 287 785
369 4 780
161 82 98
393 102 130
983 327 786
247 215 952
14 240 739
599 361 862
439 76 178
70 176 679
502 197 302
441 24 513
107 202 431
19 346 764
473 54 755
320 97 414
146 80 541
708 286 552
472 187 919
703 26 915
377 249 515
873 24 89
883 87 907
852 388 690
525 272 335
589 33 711
922 283 479
433 67 751
135 41 935
784 156 382
957 51 41
108 184 638
595 235 881
364 86 112
698 237 191
59 40 5
871 166 682
977 5 728
826 74 972
124 59 664
723 44 579
664 73 679
829 391 377
747 197 514
193 115 715
5 270 808
202 13 826
786 63 511
869 373 249
732 278 696
746 64 912
819 292 586
327 372 342
230 372 545
328 348 695
489 330 506
514 226 163
436 284 48
861 216 920
78 108 491
252 257 314
280 91 459
388 121 3
449 3 474
64 99 201
395 20 573
730 97 604
456 162 133
780 342 158
536 306 515
689 180 599
316 181 634
862 150 530
90 99 646
348 271 994
875 313 765
525 177 92
41 166 895
796 189 594
529 270 731
273 336 119
141 88 636
216 93 120
538 183 308
238 22 260
8 345 487
174 169 290
890 281 603
590 267 224
190 198 6
180 348 341
219 53 55
400 248 292
81 105 840
242 171 226
417 327 988
293 155 479
963 269 359
509 198 305
474 113 33
578 9 318
988 37 654
372 342 72
294 391 358
647 299 640
757 257 931
884 181 740
507 105 751
874 376 173
236 103 787
90 332 666
328 55 417
116 38 44
92 237 373
931 13 117
619 92 858
644 179 566
322 11 390
951 61 120
514 392 492
872 279 184
767 252 156
