10 20
9 5
9 10
2 2
4 3
4 10
1 6
9 2
6 4
6 6
9 6
7 5
9 2
8 6
2 7
9 10
3 8
5 2
5 2
6 6
10 9
504 237 178 744 943 794 820 273 379 584 
20
393 650 91 375 729 20 127 765 790 964 750 337 478 90 971 1000 801 123 980 15 
90
8 10 301
7 7 117
10 20 589
7 14 895
4 8 495
4 18 706
7 19 268
10 10 366
8 20 125
1 1 800
8 1 299
9 20 871
4 5 876
3 19 266
10 9 419
8 6 271
9 12 122
1 8 207
10 13 456
5 14 857
9 9 17
6 11 901
2 6 265
7 11 165
9 7 645
5 17 71
2 15 764
9 3 666
6 12 681
5 7 330
7 14 183
7 16 819
1 17 39
9 19 760
4 17 576
8 11 914
5 12 604
9 1 339
3 17 347
9 4 169
5 6 304
3 11 234
10 20 933
8 8 855
5 6 435
8 15 890
1 3 948
1 11 455
5 11 951
2 20 513
6 20 633
3 6 78
1 17 579
7 10 699
6 15 530
1 3 992
7 5 10
5 10 963
5 14 632
6 18 634
1 13 827
9 7 74
9 18 321
7 14 119
5 13 769
6 3 626
6 12 834
8 3 485
10 4 595
8 19 396
9 16 15
4 2 333
2 3 469
1 17 676
6 2 738
9 8 8
4 2 139
7 13 980
7 15 922
8 1 512
2 19 441
1 1 485
6 18 212
4 19 418
10 4 482
9 8 243
6 6 594
2 19 708
10 10 550
7 20 201
