500 600
158 320
177 473
226 365
388 398
323 89
307 323
455 141
266 71
224 11
2 157
441 146
228 104
198 371
224 262
267 76
373 331
147 430
359 114
423 254
260 15
68 422
120 480
466 166
102 167
386 168
250 480
269 95
408 495
368 297
1 276
420 113
321 314
228 471
59 405
209 429
379 228
114 148
485 57
104 86
364 156
239 61
270 339
192 282
327 28
393 253
64 420
59 407
8 323
88 46
270 487
273 441
300 461
430 432
459 429
61 480
175 194
168 297
81 369
295 201
122 397
300 98
364 483
33 344
365 473
315 220
389 201
373 430
380 32
206 466
479 387
15 454
418 26
392 169
31 477
285 27
289 360
205 481
120 453
215 397
120 420
248 343
385 291
407 319
120 452
23 252
47 151
369 455
457 498
356 426
217 295
27 165
436 366
382 53
71 279
269 482
388 81
428 126
38 98
110 475
306 42
280 305
315 117
66 320
92 329
182 451
417 293
87 355
464 487
344 231
364 334
29 360
11 385
212 194
217 147
133 4
140 89
402 275
108 400
412 206
484 395
188 292
224 271
348 423
141 192
303 61
361 187
377 270
312 428
121 368
280 151
322 488
427 311
356 137
81 211
369 233
455 304
494 434
56 13
466 346
412 199
357 393
391 39
337 440
411 109
175 149
129 261
103 167
499 173
208 26
391 350
4 298
484 377
493 87
271 241
341 50
467 159
209 334
439 428
442 491
246 296
107 214
412 397
392 337
358 20
14 157
234 93
48 322
362 499
410 17
411 433
124 370
71 360
11 56
232 220
474 325
259 100
28 372
325 495
206 380
243 436
66 474
276 32
132 247
297 419
377 109
330 481
94 59
278 74
54 321
422 164
165 11
300 91
180 92
470 24
371 475
162 33
257 168
63 456
94 376
382 449
31 496
19 404
89 342
191 162
428 9
40 138
204 462
301 281
398 428
192 240
117 286
426 266
261 425
355 332
75 103
124 444
81 327
172 225
104 11
9 217
457 21
493 333
342 472
82 427
302 408
164 484
101 329
449 252
459 323
300 185
269 181
349 171
269 4
321 87
290 230
221 184
42 267
481 16
330 330
406 170
106 332
27 312
250 122
176 304
487 45
81 85
88 379
489 257
234 202
243 307
483 192
291 15
215 408
482 317
403 178
213 106
408 291
489 64
435 411
36 100
69 231
21 201
28 463
340 37
296 313
203 300
104 314
112 178
74 498
278 143
468 405
12 486
496 285
374 429
449 390
49 207
78 481
226 361
279 213
21 264
460 333
470 134
376 339
174 315
384 425
149 416
465 107
180 491
162 15
124 63
388 245
369 470
338 103
179 118
336 378
145 326
87 98
304 81
472 422
235 249
133 466
135 181
111 391
45 342
259 471
379 357
63 497
252 331
429 465
413 148
219 104
297 333
177 481
27 306
499 313
138 117
9 285
94 444
63 308
359 425
343 274
35 38
241 178
487 155
24 45
37 55
121 67
297 127
340 341
28 452
65 256
298 458
53 312
348 178
100 171
483 327
70 237
302 322
148 419
459 492
142 124
162 232
1 373
475 130
258 338
68 288
68 344
218 116
37 96
314 387
445 5
432 424
337 64
279 78
364 473
45 80
361 319
127 116
244 272
408 339
450 337
164 434
199 382
229 80
154 34
365 167
5 362
302 40
29 318
386 25
450 418
63 139
192 233
356 407
404 200
494 275
112 390
455 325
448 258
252 229
59 92
368 198
387 99
433 6
277 400
318 119
399 239
84 313
398 233
339 60
382 344
482 207
42 163
153 142
142 198
163 189
444 184
420 96
67 480
346 63
8 235
449 160
393 424
419 137
233 226
383 357
54 12
390 14
404 420
186 381
428 383
469 386
362 364
235 96
77 209
18 95
259 347
132 71
497 61
254 64
59 473
71 10
402 464
431 17
458 74
365 74
338 22
45 369
89 341
15 256
223 314
500 398
97 276
354 281
278 171
23 453
140 396
400 240
33 84
387 90
218 160
103 169
179 220
362 78
478 474
386 500
309 142
38 360
307 224
2 456
481 322
142 69
33 418
474 316
400 107
315 8
330 199
361 285
365 409
27 97
195 312
356 97
380 270
343 194
347 221
274 44
472 486
84 76
311 373
298 442
436 161
98 356
403 365
137 488
324 81
238 305
217 395
3 285
263 413
149 420
360 493
165 477
322 37
84 246
442 373
54 19
55 28
387 93
316 27
178 126
433 37
79 306
348 496
347 317
475 57
405 306
74 363
219 115
9 198
105 477
11 71
429 429
72 11
146 237
348 105
76 100
448 255
17 81
349 188
270 70
375 291
142 2
291 125
292 71
107 56
384 426
359 311
165 13
197 193
434 491
214 406
127 413
197 403
49 414
488 76
430 185
358 7
348 325
19 273
412 263
39 338
370 7
478 167
326 366
171 66
248 342
69 118
107 425
145 396
317 245
375 65
302 458
295 383
348 339
214 465
413 316
398 474
100 277
380 377
337 126
186 249
284 276
19 121
334 448
492 108
220 258
455 262
55 313
45 435
442 452
143 267
38 469
194 446
278 400
327 447
7 26
134 181
249 452
492 252
353 281
69 458
204 38
78 257
496 355
298 264
138 104
74 194
185 358
422 387
455 177
244 232
153 117
122 388
72 48
100 225
132 97
245 210
462 372
123 57
260 228
359 470
441 145
396 98
210 113
427 118
72 121
278 124
20 346
360 408
186 39
442 304 726 803 121 714 259 25 661 837 367 676 380 289 438 579 362 103 155 673 73 439 558 757 621 235 196 496 202 244 738 326 622 495 696 131 302 924 982 208 832 574 373 50 978 467 207 972 640 785 13 766 790 906 595 928 958 357 679 361 599 980 644 592 180 735 243 679 456 966 515 163 726 947 304 817 432 463 202 568 649 345 838 260 706 793 739 365 338 542 252 57 133 279 154 987 519 934 31 898 109 97 434 423 109 606 2 453 421 812 910 108 211 520 368 890 821 364 970 559 184 667 150 741 857 283 14 297 111 644 840 557 244 366 834 585 604 862 685 45 438 517 274 619 52 827 231 702 651 475 285 889 754 568 584 248 869 401 409 754 949 947 374 967 499 488 593 363 914 727 244 282 618 494 550 446 113 768 787 559 915 979 834 359 783 843 289 407 996 316 151 237 331 54 52 36 791 167 944 480 640 285 538 905 550 394 597 358 968 917 476 47 534 427 716 925 669 630 541 990 263 670 594 623 481 900 150 565 739 532 429 619 854 177 212 730 366 506 296 128 489 84 885 517 794 788 971 683 169 648 531 864 217 18 838 143 221 724 517 205 48 359 91 469 379 276 969 157 428 883 622 321 506 346 379 660 643 34 917 419 93 213 403 315 357 698 774 995 528 748 692 657 938 688 426 504 528 89 831 195 867 482 569 140 208 308 412 306 473 138 441 816 476 182 880 538 601 428 335 589 653 135 357 774 788 781 549 839 186 893 181 871 346 120 318 506 997 313 45 66 248 254 584 652 952 267 146 758 500 723 804 144 690 528 756 839 798 661 867 724 226 139 377 656 387 523 101 84 820 657 44 791 447 196 189 201 428 226 715 137 624 358 902 606 483 191 727 490 580 198 940 696 344 213 53 279 590 751 283 333 116 121 721 793 121 254 324 334 454 361 631 656 624 138 102 69 728 494 429 98 769 677 826 875 230 964 439 328 729 360 556 956 465 682 616 144 983 190 915 258 887 150 310 542 344 358 621 99 189 207 642 506 397 681 719 494 410 180 55 175 958 4 51 526 207 810 929 939 635 276 84 9 556 297 114 571 944 312 779 302 984 816 147 551 943 283 574 782 38 932 496 684 27 406 121 723 322 89 452 437 
450
186 260 740 4 296 273 454 120 873 99 284 870 203 784 204 750 837 226 881 868 269 151 846 308 798 227 58 610 818 531 836 493 164 137 871 833 59 620 882 449 435 420 788 988 962 938 722 369 361 61 240 878 345 137 573 496 668 924 543 749 222 52 74 20 937 891 834 913 141 899 882 529 379 708 631 979 658 305 765 92 54 936 925 988 317 815 490 811 368 450 185 947 737 119 740 14 628 912 489 228 986 551 662 649 119 639 750 691 869 373 989 79 968 171 767 649 630 50 309 464 956 982 461 422 6 126 570 248 473 251 23 551 103 410 581 889 414 459 681 810 409 236 815 913 190 474 155 99 563 312 44 600 262 441 544 652 252 823 121 649 608 216 107 144 661 283 600 984 830 881 195 412 417 908 797 600 930 813 574 725 555 16 903 4 670 165 974 335 578 466 520 622 148 814 847 62 979 649 352 304 552 146 923 245 881 974 859 604 195 719 160 449 845 628 994 173 185 574 520 747 114 354 45 438 493 428 7 293 914 891 550 947 944 761 145 387 588 1 20 568 811 37 612 761 612 97 595 48 144 606 827 988 764 487 394 656 433 211 255 336 538 550 615 299 726 368 507 639 211 198 678 262 823 717 359 333 959 839 939 535 226 844 683 475 213 830 370 356 409 428 829 263 318 27 986 860 437 842 73 426 162 888 385 831 374 221 800 580 366 210 654 776 147 31 317 651 241 696 118 464 482 264 948 948 368 835 849 525 314 430 599 624 208 581 148 1000 479 524 666 167 260 903 154 535 529 63 69 205 628 857 603 634 45 824 830 727 963 347 735 711 780 322 563 92 515 813 211 776 211 85 587 252 908 816 767 741 762 435 588 419 1000 262 993 301 341 719 364 58 593 932 238 332 337 638 482 774 404 141 726 141 225 733 95 378 442 215 270 971 405 815 950 67 973 500 15 22 992 637 251 901 258 266 467 943 449 992 283 947 151 417 835 604 590 283 250 846 291 782 956 47 885 655 550 214 108 372 460 804 495 147 
1000
241 35 709
496 269 843
76 249 503
11 79 66
106 348 84
164 17 148
230 408 720
259 267 350
40 302 269
413 197 519
163 279 156
348 111 262
148 8 309
91 313 9
40 3 133
109 351 915
206 71 790
155 269 370
118 246 32
101 52 363
53 120 300
89 301 701
243 251 170
441 48 717
431 159 857
182 199 801
472 145 308
469 152 527
160 203 987
181 27 271
397 115 942
382 329 358
154 245 425
224 76 950
168 20 493
195 227 919
216 248 598
81 24 965
186 438 72
94 18 615
327 308 909
77 271 32
294 18 127
258 329 675
481 212 176
155 320 760
354 4 121
196 38 501
253 246 748
333 158 179
201 157 184
36 383 548
214 316 648
305 180 311
298 177 914
142 364 526
458 184 584
83 231 851
6 113 355
80 53 893
81 428 886
349 11 780
273 34 197
12 221 743
11 39 795
430 250 468
393 284 51
120 237 38
148 154 870
191 436 502
470 288 652
47 414 654
401 97 463
386 319 551
115 191 398
147 408 949
335 222 563
471 260 946
124 190 614
321 300 500
242 331 421
156 363 810
357 259 880
419 229 2
42 63 614
69 442 899
490 74 737
226 171 709
189 134 876
167 419 990
299 99 467
131 185 411
138 322 523
63 149 288
48 31 607
189 10 913
141 383 624
273 12 245
420 34 961
391 162 564
158 275 383
18 445 199
451 6 750
469 237 632
315 117 195
299 340 279
382 66 280
245 223 739
422 154 285
49 274 777
430 160 233
444 383 834
32 190 714
261 353 573
471 19 299
14 264 53
25 165 899
207 277 726
368 364 180
178 149 862
274 195 719
488 214 541
491 364 85
344 295 84
87 39 419
494 347 206
469 1 187
461 241 202
368 225 954
237 255 26
306 79 204
89 39 211
491 102 90
112 206 578
402 251 131
49 88 467
121 165 203
498 61 966
254 129 586
320 197 124
299 330 759
387 243 260
434 299 722
311 81 573
352 189 609
38 149 146
393 202 747
197 1 132
204 367 354
222 193 410
352 161 212
114 82 823
229 5 694
79 188 651
409 66 578
262 170 597
124 320 957
328 300 217
260 11 539
59 156 208
436 405 621
451 122 888
40 408 344
463 263 779
422 119 946
169 6 351
261 401 466
239 426 190
204 107 175
301 145 211
85 360 880
300 365 287
442 176 293
335 373 973
394 45 437
482 405 501
165 172 508
186 336 1
91 429 136
95 214 690
422 150 732
306 429 90
255 422 709
460 32 425
151 216 380
424 68 21
225 117 496
369 358 287
193 247 671
393 78 77
281 233 966
9 202 235
206 442 249
388 414 254
314 132 327
241 47 86
35 438 956
63 411 319
374 446 855
270 54 366
459 196 220
143 215 269
35 172 475
445 60 434
450 116 891
137 392 779
498 157 358
378 137 468
160 425 706
93 176 459
289 270 272
299 103 603
255 421 436
258 46 398
46 322 81
138 250 817
24 127 327
160 243 985
92 237 714
206 244 637
355 70 562
208 62 601
220 190 28
348 287 822
412 278 626
469 189 156
318 393 46
163 167 852
261 130 684
232 190 457
128 401 856
359 391 950
383 220 625
351 445 213
77 175 973
137 223 521
401 110 923
69 326 505
438 150 29
486 368 43
81 386 633
23 17 559
425 188 893
154 316 586
198 286 571
182 54 838
38 342 239
5 343 880
103 197 477
345 387 750
165 192 725
93 56 419
261 198 436
109 336 886
259 235 442
221 87 361
60 296 915
403 324 773
12 83 725
301 20 606
216 426 584
440 131 92
349 177 238
80 266 291
234 379 859
4 145 143
441 199 522
385 202 868
264 44 137
167 4 707
191 404 217
38 427 621
34 164 260
236 439 401
439 264 920
355 61 643
480 92 525
85 34 375
10 242 167
333 56 146
413 220 662
221 413 814
361 316 740
313 163 550
198 393 208
83 113 909
433 60 356
78 111 693
62 421 751
262 414 175
109 432 816
250 197 252
422 87 610
52 102 942
263 22 644
261 155 339
16 386 425
308 99 563
287 383 825
190 18 61
29 416 395
446 33 325
383 13 991
182 401 438
315 153 872
4 32 764
286 373 878
161 44 935
246 12 733
202 323 275
349 221 937
197 269 97
263 156 689
363 272 107
135 255 571
491 294 369
350 47 472
94 429 78
29 189 951
216 423 804
308 204 371
44 234 88
365 15 301
124 35 370
324 268 956
389 253 3
320 193 527
286 102 156
102 316 805
464 367 46
37 403 275
451 299 21
15 264 495
162 147 675
15 95 521
221 214 859
150 235 364
358 441 458
374 114 924
14 141 176
302 393 640
45 400 169
285 309 888
96 198 720
447 126 573
6 46 822
183 187 791
51 266 53
365 167 573
307 370 247
114 360 860
195 73 891
48 358 527
153 238 529
420 129 863
71 204 765
398 239 687
461 433 906
491 14 330
60 387 237
198 126 686
115 234 964
261 347 699
435 293 15
464 355 9
235 221 469
265 88 250
453 128 223
134 116 195
474 393 842
411 81 969
40 406 846
461 246 638
214 372 236
465 417 63
76 39 840
17 336 553
346 303 414
399 106 374
252 291 807
428 98 946
320 438 458
201 177 826
225 17 619
157 172 392
7 204 969
264 425 563
86 392 429
492 144 173
235 193 245
224 244 30
192 171 213
458 27 295
30 110 711
204 80 752
292 447 995
471 65 520
94 120 516
109 434 596
336 44 686
387 259 743
218 88 50
495 276 129
365 3 642
193 36 857
366 75 542
432 34 570
215 249 271
425 327 376
130 257 285
58 86 218
346 433 731
198 114 352
272 84 365
311 257 351
428 142 4
466 239 572
240 42 510
464 314 310
148 413 705
215 294 396
132 367 870
268 16 906
99 287 919
358 37 44
441 308 922
303 248 650
128 104 506
272 273 107
324 196 227
160 81 315
363 175 990
481 2 109
342 270 211
140 126 638
450 216 412
354 48 939
137 4 300
145 295 69
498 53 103
109 325 741
301 117 419
8 343 709
46 42 593
24 365 178
288 30 793
310 74 946
259 329 207
41 305 61
102 381 941
225 7 3
345 154 76
375 70 34
496 333 758
114 438 727
155 383 664
22 285 127
483 50 577
297 295 560
108 104 373
120 379 951
286 354 668
247 369 478
291 216 470
36 425 465
183 363 110
47 171 974
484 28 300
173 409 245
29 115 287
228 438 288
206 173 314
76 142 215
78 175 109
453 30 670
284 168 855
389 105 637
109 375 298
126 198 69
79 58 771
251 450 401
452 123 538
45 307 288
145 144 666
123 19 338
417 49 370
227 299 970
289 48 522
472 443 855
119 157 296
379 398 781
27 278 654
46 198 481
219 321 912
262 429 806
41 223 74
500 53 687
81 260 510
343 270 835
51 235 921
293 360 714
469 340 102
262 228 712
479 347 903
203 246 252
491 365 779
134 282 110
239 74 448
350 290 643
424 244 214
427 406 234
393 246 810
480 171 202
322 368 755
402 66 581
152 3 18
170 133 853
356 4 54
135 238 754
174 135 56
52 33 883
69 297 216
199 55 717
32 45 884
355 111 245
37 401 261
441 204 795
295 361 893
68 100 431
367 85 832
127 63 154
10 60 431
281 432 733
407 439 536
198 90 740
133 278 959
66 288 857
152 365 453
291 161 38
456 106 619
380 178 169
279 361 231
158 372 935
428 425 276
11 194 817
108 101 83
211 181 191
238 314 623
416 126 557
419 347 136
339 24 98
43 293 874
312 112 47
106 198 890
214 91 358
380 293 797
389 99 247
443 103 695
63 223 619
382 228 922
250 100 489
37 381 710
474 394 136
369 281 936
217 82 617
138 208 288
83 303 880
467 272 13
164 94 80
169 112 34
320 218 547
371 356 953
475 197 854
442 449 658
67 422 612
400 104 728
426 179 42
295 99 273
254 266 540
458 35 549
371 107 34
128 255 673
138 237 350
259 95 734
325 351 730
181 143 822
398 137 783
478 300 421
57 163 121
138 74 764
50 154 388
148 275 821
125 400 994
498 231 139
496 370 776
49 360 23
398 344 935
321 134 32
352 413 450
37 103 700
426 191 381
184 71 754
26 142 721
253 347 272
496 443 355
250 27 630
440 152 878
70 177 262
29 6 995
141 323 435
1 307 409
160 366 866
350 396 904
19 80 797
184 121 447
424 383 19
336 412 687
444 177 705
295 410 957
357 14 725
435 320 77
314 327 329
287 95 638
36 25 281
249 38 833
414 448 416
328 267 383
471 368 399
165 222 532
450 85 124
85 294 607
424 429 767
410 388 981
371 330 935
204 18 250
389 372 627
74 219 371
38 85 315
172 262 674
347 409 407
36 179 252
327 116 86
111 172 391
344 229 590
36 36 4
330 44 897
90 156 778
415 73 416
358 442 238
367 437 784
101 174 924
468 26 91
251 152 399
120 313 448
57 429 319
219 444 869
121 346 128
460 448 262
38 437 527
21 364 151
485 262 871
143 183 428
491 229 837
278 37 708
84 372 34
130 266 918
223 16 253
371 30 757
93 151 754
24 130 11
325 333 586
26 251 234
471 197 74
464 414 541
83 200 849
37 19 126
480 205 450
489 87 536
275 377 704
454 176 535
498 210 129
416 193 706
390 131 46
86 196 164
400 219 701
39 30 441
194 391 47
62 117 738
403 49 217
17 373 705
213 437 907
113 229 484
407 252 186
469 115 22
111 391 210
330 116 328
117 156 404
496 202 517
354 265 409
126 377 271
299 322 783
380 296 793
420 164 816
289 102 89
188 387 143
167 308 260
135 1 656
110 122 778
63 239 496
475 263 3
46 420 438
48 195 287
477 95 473
380 9 534
110 94 217
248 159 329
117 177 248
208 449 36
164 97 261
336 341 551
259 355 671
291 117 690
438 227 384
304 120 330
136 227 201
402 253 654
359 112 745
393 97 943
292 92 8
305 234 128
268 210 740
403 17 805
317 383 409
269 288 295
2 136 499
50 274 539
311 409 606
370 176 576
235 43 432
211 173 631
62 348 107
280 317 886
6 312 929
8 237 835
118 36 362
224 347 754
199 64 808
247 107 807
149 409 492
342 348 252
401 148 330
284 47 863
391 156 366
86 162 605
337 164 552
378 200 634
94 158 865
482 180 947
389 55 645
166 161 719
216 227 366
486 321 254
32 179 319
496 398 752
408 251 390
137 9 812
487 9 727
161 345 560
312 44 187
400 100 43
231 341 735
204 101 211
491 267 862
266 267 934
456 8 175
106 323 796
357 132 724
193 279 550
214 334 821
453 119 488
14 303 805
211 115 37
260 298 130
367 448 908
18 280 326
451 391 938
84 347 462
206 286 203
387 266 144
72 222 724
86 314 596
110 360 40
292 194 892
51 338 236
84 372 58
215 149 54
448 47 806
171 202 138
314 416 752
200 14 605
201 222 884
210 356 909
282 177 642
406 420 714
363 286 335
97 43 870
484 321 82
426 404 695
176 86 162
484 294 368
285 97 669
350 267 760
18 195 993
174 67 721
214 414 658
246 351 696
253 162 659
499 439 764
174 306 673
107 421 606
497 6 523
487 261 140
91 69 229
275 434 204
497 304 131
73 141 395
43 360 341
62 276 952
491 378 333
96 171 864
121 448 694
202 307 439
416 222 888
351 101 624
236 392 563
150 49 856
47 349 704
107 258 123
98 190 422
173 66 137
486 84 255
50 96 717
283 253 224
340 79 164
135 84 146
255 30 927
500 90 410
13 276 948
200 109 255
22 353 561
174 278 835
324 215 458
365 49 549
126 88 667
5 146 786
224 333 300
259 426 739
488 132 871
211 72 487
67 281 338
362 381 852
313 145 664
265 175 116
382 416 370
58 261 592
470 49 340
71 374 99
461 367 263
62 82 79
347 5 643
423 402 93
404 256 673
275 114 717
316 33 8
72 93 818
443 40 827
439 154 632
248 11 680
252 356 637
171 171 181
276 140 307
428 188 186
383 445 488
494 189 316
63 399 260
47 114 113
253 389 918
101 336 228
161 24 939
229 367 238
352 45 843
87 108 383
459 320 758
210 131 340
464 258 289
447 431 555
426 295 847
472 347 297
438 129 893
481 174 814
121 98 256
280 383 754
204 259 155
344 17 257
352 411 797
169 307 870
173 361 620
404 262 782
297 396 895
173 180 474
286 66 559
28 102 268
82 391 739
460 77 100
172 400 141
303 383 522
226 239 922
3 128 958
421 2 319
311 149 969
417 360 983
214 203 101
197 208 510
386 321 32
446 212 471
309 300 333
497 208 212
447 306 818
273 56 134
278 269 910
190 298 243
269 114 719
87 296 516
285 194 191
382 259 242
416 236 761
433 366 247
102 212 512
157 436 108
153 436 706
358 124 350
79 370 868
324 432 467
402 432 278
200 185 259
121 40 282
418 140 34
441 285 779
148 147 354
6 191 185
327 271 159
168 163 864
66 80 770
317 314 306
88 22 487
154 138 913
61 39 949
71 39 569
397 290 64
423 375 548
347 31 549
241 258 308
365 150 535
363 113 61
434 262 605
56 127 955
324 357 639
127 113 417
352 167 494
72 170 13
194 281 192
233 41 232
80 45 545
335 169 467
95 422 104
18 273 685
446 145 997
444 446 913
353 22 526
382 285 631
335 58 380
392 283 67
451 341 263
44 250 780
33 413 472
15 407 22
488 449 764
20 126 180
6 403 478
411 242 219
124 67 314
230 193 52
313 136 645
63 282 898
142 125 311
305 83 88
297 168 963
331 34 754
260 86 236
7 26 175
