500 650
286 465
493 482
330 246
143 431
313 251
396 351
1 279
222 335
161 23
10 273
91 373
83 443
82 290
492 283
97 46
447 312
152 156
407 492
233 336
227 84
78 103
348 240
71 306
295 4
438 429
69 269
217 426
281 161
484 302
92 133
484 223
250 29
28 391
433 397
20 201
44 147
363 92
494 87
172 373
36 4
61 477
99 157
51 271
227 493
225 347
251 264
311 77
28 223
107 399
401 380
310 273
163 448
140 474
332 286
260 491
184 166
185 313
349 441
464 431
320 463
341 217
191 130
141 69
57 163
226 470
2 196
370 31
402 254
452 49
180 444
1 357
423 387
293 326
343 146
447 254
216 90
426 387
235 385
365 386
442 431
74 499
27 178
123 40
318 243
76 441
58 311
408 102
362 332
263 288
439 335
452 237
109 6
169 488
97 347
113 436
47 52
87 164
171 107
364 170
8 200
461 477
418 318
165 45
105 181
227 2
20 216
47 235
206 449
125 487
107 87
492 64
46 53
25 413
184 144
174 349
361 43
204 403
354 481
292 409
364 122
36 37
477 91
44 114
57 184
397 250
434 114
471 67
153 87
104 341
459 327
211 112
34 59
332 216
75 88
273 365
380 380
242 399
446 112
256 185
27 467
441 413
91 15
80 90
432 109
174 412
114 1
396 233
461 172
12 179
9 371
272 136
36 97
249 278
222 146
308 300
352 494
353 74
277 382
483 328
59 46
64 135
435 213
436 322
204 63
411 114
319 291
231 120
31 149
439 392
453 150
96 175
442 26
22 24
234 411
441 279
283 253
441 10
399 62
362 292
497 107
338 374
98 255
285 278
107 266
310 207
284 489
145 333
378 426
189 443
88 98
17 136
414 447
173 194
164 255
436 464
318 180
162 20
178 145
172 90
413 38
1 85
99 110
198 119
112 60
221 467
279 97
311 311
192 68
347 280
321 99
41 461
258 341
462 360
105 169
397 157
298 283
179 36
460 194
123 229
206 99
421 281
486 50
195 271
449 413
57 458
144 70
275 19
479 339
131 175
382 332
390 108
249 456
494 294
379 210
176 193
398 187
371 393
423 310
413 403
25 163
189 292
359 458
203 136
353 237
135 160
126 308
325 103
251 78
100 100
242 204
125 350
210 312
463 482
242 40
487 223
471 268
142 388
99 415
306 29
371 255
469 361
361 157
491 354
224 297
43 179
252 304
356 433
435 185
376 286
329 132
72 149
411 157
347 134
244 498
244 41
78 216
145 71
103 23
355 117
358 315
370 5
467 77
271 241
454 396
116 217
24 426
341 456
116 298
488 192
456 318
472 132
293 424
392 118
246 280
435 108
249 296
42 101
288 27
356 54
35 498
379 56
9 398
3 200
16 409
413 73
385 182
36 367
54 367
12 450
278 231
320 396
95 358
32 479
330 193
323 384
409 397
305 202
143 265
103 223
414 56
407 52
96 200
422 318
267 318
419 405
214 136
1 244
368 265
150 20
358 242
406 3
84 253
155 297
191 23
424 177
416 421
397 230
89 330
263 422
162 52
473 298
178 469
86 289
3 390
43 96
101 67
111 210
114 414
190 110
357 486
3 95
96 81
406 91
433 291
66 439
47 171
320 304
462 70
64 479
198 160
49 101
159 345
426 360
299 280
287 63
491 407
378 455
300 18
85 213
264 10
58 4
462 135
329 28
102 481
415 176
180 311
5 114
209 166
150 108
394 16
456 14
47 337
82 288
314 406
264 202
30 218
425 183
339 290
209 306
383 174
279 295
356 372
35 55
497 244
116 365
187 410
277 393
167 103
337 410
6 398
239 223
327 402
374 369
178 328
37 271
113 295
337 143
117 88
283 143
419 135
18 91
199 36
259 293
83 412
202 393
94 5
428 251
410 177
389 487
275 40
7 462
99 429
385 465
103 205
96 188
74 116
48 230
19 457
144 330
442 71
212 388
396 24
5 360
96 388
220 165
102 99
110 293
278 500
386 185
422 88
12 340
31 357
138 174
122 291
338 474
345 442
497 135
104 240
273 291
72 98
376 404
315 149
13 414
442 261
282 363
98 227
482 258
285 268
18 404
315 431
290 259
62 195
288 297
66 155
304 139
242 22
262 261
149 493
377 370
430 161
271 372
307 192
344 243
51 286
38 339
97 131
195 451
54 379
236 378
493 161
238 197
79 352
223 212
63 80
327 91
363 278
298 22
60 412
257 167
263 344
323 288
83 178
42 125
119 408
499 109
337 29
50 88
224 52
77 100
114 178
396 228
434 459
238 190
189 219
160 323
11 93
228 284
234 117
239 50
437 28
423 7
3 36
437 414
89 478
448 221
31 464
237 455
266 131
4 273
304 177
245 438
107 302
486 474
145 436
78 217
108 228
59 467
362 191
40 232
446 491
149 33
355 160
162 377
6 464
291 91
88 66
99 353
170 430
65 293
25 305
111 334
171 163
421 49
475 281
308 424
371 437
331 270
202 33
154 214
371 188
462 120
91 306
93 76
240 456
318 472
60 255
189 221
39 80
282 187
361 442
395 139
5 93
69 254
150 500
301 220
188 176
383 24
66 355
149 253
310 241
221 135
216 277
183 64
313 202
70 388
176 134
240 141
59 436
443 21
345 5
366 201
345 263
474 367
293 186
43 295
13 479
428 292
48 398
489 417
109 11
490 454
266 472
164 358
483 356
270 496
393 395
260 6
308 243
290 203
376 240
91 124
109 457
7 360
154 98
79 5
22 300
350 387
292 107
70 340
426 480
274 251
320 170
472 37
466 263
320 349
296 305
160 265
131 433
74 174
240 296
9 327
246 41
266 386
187 135
9 212
244 146
209 273
261 363
272 201
134 172
269 208
63 212
174 265
192 174
329 131
323 106
132 482
154 335
371 292
352 430
155 197
153 306
75 367
130 399
72 284
259 418
337 74
394 284
115 446
254 127
553 361 217 64 616 614 413 449 780 950 889 306 899 784 294 805 698 805 1000 100 291 606 502 212 462 157 901 461 745 173 698 357 480 415 212 912 412 904 314 265 120 61 450 108 955 445 599 877 171 623 343 784 503 966 883 554 141 705 49 140 484 714 255 106 408 536 315 930 14 515 407 814 742 323 917 178 141 840 823 137 265 87 269 610 253 555 960 692 944 675 601 246 29 985 319 680 870 383 109 887 961 462 157 115 824 336 545 139 95 766 970 676 327 255 470 647 894 602 325 416 299 787 966 823 660 689 922 903 229 649 857 810 957 373 217 729 889 515 165 894 68 38 505 992 80 612 129 487 796 956 869 440 810 200 807 456 619 501 269 118 143 516 934 326 965 806 130 730 210 972 89 930 938 907 986 558 718 524 122 355 312 923 138 731 492 422 925 791 165 547 938 440 571 519 19 165 639 305 220 942 992 774 543 915 366 104 205 579 413 499 833 6 430 573 965 36 905 877 347 390 834 336 808 463 581 639 761 613 510 16 408 482 511 358 837 210 729 229 945 995 879 501 862 986 522 174 816 290 723 439 964 715 271 56 745 423 710 889 78 127 365 639 458 775 504 821 976 642 397 1000 607 466 616 77 159 783 238 990 612 258 979 913 654 226 468 472 588 289 32 225 106 677 119 150 22 176 902 749 570 652 683 877 388 815 515 144 977 336 926 26 33 575 367 248 571 581 170 880 246 980 620 623 207 218 813 42 939 484 702 306 612 943 190 101 328 355 230 491 524 702 757 962 464 879 177 373 283 283 618 866 431 685 453 439 607 230 811 509 708 935 910 157 595 1000 738 382 757 362 629 40 613 559 474 786 946 322 110 823 270 354 892 706 971 305 462 4 25 219 498 123 511 980 896 3 638 809 538 516 445 165 811 651 580 798 361 433 37 982 365 812 773 932 318 164 213 57 88 745 171 206 230 861 75 650 924 356 989 258 769 471 59 907 883 759 378 380 482 367 934 189 202 139 920 178 217 663 34 439 282 219 330 407 736 701 421 535 733 721 496 981 726 237 842 286 767 897 180 473 387 927 330 107 319 190 643 568 164 381 434 30 46 621 441 748 781 683 295 698 929 346 696 739 315 236 350 553 671 521 87 331 
200
606 926 489 548 428 571 91 510 401 64 696 822 719 751 790 534 674 775 306 258 984 740 111 215 613 788 359 365 68 329 222 64 764 819 448 997 418 104 773 840 189 8 145 274 540 696 877 163 212 24 880 930 695 738 129 121 400 536 902 159 738 647 551 955 797 67 412 779 249 103 287 467 840 86 784 210 652 69 896 390 241 108 269 662 123 179 703 268 492 61 658 311 606 548 613 872 342 4 650 659 536 364 79 738 992 714 313 221 504 571 148 44 628 873 243 489 924 265 974 878 141 175 55 533 453 69 387 996 57 851 612 792 321 529 937 309 106 480 641 824 874 994 188 743 439 793 930 773 249 12 993 13 109 119 879 814 668 590 97 767 551 245 836 248 141 766 588 11 257 885 814 321 553 768 610 594 84 762 639 123 829 183 173 7 59 230 166 204 319 89 879 735 817 309 303 657 26 774 46 568 
2000
303 150 546
401 125 269
500 119 630
68 1 288
238 123 11
75 10 597
183 47 125
431 182 69
100 120 119
133 116 42
141 64 388
257 66 72
210 105 392
219 52 791
117 89 471
43 145 478
326 3 367
233 87 719
401 173 433
56 112 450
111 187 596
416 143 776
99 95 283
105 37 371
5 188 357
406 75 104
378 138 722
245 155 426
434 13 131
296 175 722
370 116 355
383 144 759
442 3 139
100 24 224
448 159 311
486 175 192
229 113 184
13 26 177
468 121 97
377 136 139
421 160 479
147 63 583
68 172 152
16 29 378
452 5 171
5 125 567
145 76 490
374 63 906
491 63 726
452 130 6
222 98 14
60 118 434
225 115 348
472 94 170
271 23 203
414 8 190
31 105 610
466 188 256
416 67 492
170 42 114
4 2 401
91 23 399
404 131 19
140 190 551
47 142 477
246 28 335
85 55 13
268 34 387
88 7 458
375 45 400
476 79 600
437 88 202
205 105 493
312 142 831
492 160 513
262 115 523
72 47 112
288 49 788
238 7 843
176 60 793
310 75 325
271 50 659
315 96 224
36 42 988
54 16 719
248 175 643
41 190 6
132 118 443
294 9 741
319 141 510
58 121 504
468 130 926
84 22 133
404 22 809
130 160 748
51 179 426
234 181 605
111 194 19
257 151 284
33 197 976
191 15 248
47 56 432
241 192 719
318 72 963
139 130 964
304 128 267
193 76 540
196 15 449
207 182 29
148 103 699
358 87 335
81 86 157
10 192 440
304 138 186
57 40 623
245 189 986
267 57 327
49 25 632
405 117 365
159 33 645
87 3 798
91 83 391
341 65 616
240 88 120
374 157 351
113 173 778
262 187 628
311 100 680
42 170 47
66 1 488
133 29 607
477 187 597
333 154 856
335 188 410
394 188 457
166 14 373
66 200 245
37 81 650
217 122 499
155 70 304
299 138 498
389 157 53
140 37 592
235 28 885
58 168 949
203 113 350
63 119 479
475 25 328
482 139 99
438 108 843
307 104 370
336 182 687
21 41 655
225 65 907
469 133 784
192 8 523
471 92 417
171 85 534
158 181 974
107 78 35
432 63 460
394 64 417
346 94 16
33 104 766
424 16 407
93 130 93
439 12 845
71 164 433
314 104 70
142 154 2
3 63 652
253 48 551
337 80 495
161 32 790
252 149 242
181 158 614
158 100 790
8 16 788
166 23 581
122 156 910
226 81 301
85 27 79
264 195 642
8 86 121
238 121 948
382 77 584
5 174 472
287 110 261
375 198 518
130 111 388
456 130 996
310 86 760
335 122 603
217 104 670
257 55 1000
347 128 477
18 13 41
181 63 956
6 190 625
349 188 699
105 66 839
266 106 296
313 194 870
449 93 830
218 96 901
366 185 946
318 71 432
459 134 554
128 137 492
329 67 315
489 158 682
33 109 385
97 138 691
143 20 546
135 136 972
208 126 771
417 42 838
154 193 522
195 105 341
474 173 633
307 158 778
222 149 78
93 87 289
52 198 938
189 102 442
109 93 193
398 32 548
389 159 134
480 176 511
396 170 953
120 176 885
477 37 925
417 96 570
158 50 947
465 123 796
238 50 186
209 142 708
71 34 528
35 78 844
407 116 814
133 83 893
401 172 38
251 110 383
421 18 320
205 73 672
458 165 321
106 8 526
223 136 482
147 39 454
271 142 96
289 64 875
170 74 227
275 188 27
371 132 861
256 154 668
394 192 803
381 67 912
133 178 556
297 105 215
54 170 80
64 189 419
441 113 751
468 197 567
421 133 792
159 164 720
71 155 90
153 75 55
340 188 370
467 107 171
104 152 799
209 24 763
147 133 872
451 41 853
435 130 14
483 85 740
39 186 214
66 18 108
50 25 939
276 151 687
122 46 818
280 191 375
477 108 114
393 118 766
128 80 613
20 107 36
166 155 986
458 105 170
417 37 91
368 134 264
316 55 705
138 64 331
6 124 97
394 194 411
26 147 294
440 129 38
80 163 520
261 167 506
98 11 639
473 118 752
405 84 548
423 12 573
416 104 790
206 199 814
303 102 393
483 80 51
284 68 690
460 68 148
214 140 429
479 77 341
416 73 470
379 52 649
267 200 882
305 19 565
339 42 265
123 110 132
19 112 319
426 105 788
4 145 422
402 41 323
308 88 327
197 80 942
117 105 298
285 101 948
309 89 448
167 124 841
303 4 933
384 91 504
429 91 221
262 69 536
254 45 46
203 34 513
310 80 496
278 157 536
5 81 753
246 39 919
36 126 20
385 158 752
104 165 372
169 68 380
170 143 96
90 197 549
177 121 790
4 39 317
216 143 981
429 129 599
57 148 70
99 155 626
276 107 328
458 38 938
86 24 193
491 93 407
388 68 302
400 81 162
5 30 79
471 87 741
78 134 224
226 5 977
30 18 945
478 133 904
308 58 310
123 187 167
473 5 238
347 96 842
274 11 94
81 176 709
250 195 127
482 107 786
384 5 287
29 160 830
471 145 345
258 183 293
220 69 139
485 178 367
200 77 269
376 135 849
169 29 207
300 106 378
395 69 442
309 46 393
330 75 599
324 44 871
265 168 299
316 182 454
410 177 900
151 25 119
459 127 915
325 12 799
497 13 994
193 115 924
427 176 873
468 194 714
389 164 422
385 97 394
310 169 829
389 105 663
98 43 53
22 104 323
188 17 586
13 19 719
261 187 810
442 89 67
251 47 781
338 55 170
422 61 861
389 60 159
455 115 290
435 46 942
448 34 38
88 98 57
445 35 166
82 157 217
419 154 760
79 64 809
21 95 796
456 167 175
127 181 957
224 193 591
204 174 205
22 174 287
410 52 657
11 64 170
298 139 297
275 7 320
202 52 487
462 192 699
210 104 326
319 51 32
241 182 624
305 14 342
2 152 543
205 62 138
125 58 622
184 2 440
442 22 674
280 46 59
418 117 1
230 14 59
266 95 502
316 101 461
304 51 992
387 135 751
202 75 850
199 126 833
382 30 835
128 141 592
19 137 338
305 42 812
499 112 759
249 156 41
498 123 349
457 124 500
391 137 922
287 53 330
275 45 65
165 82 333
436 36 251
278 81 62
444 15 620
424 191 264
271 189 909
258 198 686
473 43 178
7 63 354
133 26 992
10 25 323
92 181 109
357 186 416
353 46 878
146 33 896
197 2 886
187 70 140
246 147 338
48 171 888
53 107 197
61 101 425
482 132 955
500 120 342
96 1 355
285 108 973
55 52 445
377 171 647
182 117 36
372 69 181
492 70 133
477 86 274
206 97 722
31 49 9
422 107 34
257 185 821
434 27 131
304 58 110
245 86 257
191 17 978
119 170 257
147 184 906
374 183 742
210 44 97
308 75 948
215 106 248
188 117 174
267 168 635
139 158 934
468 72 956
355 65 926
252 80 972
69 116 285
457 93 37
315 130 493
414 71 478
370 109 140
52 57 316
17 56 936
367 63 585
31 156 722
341 126 750
320 158 138
70 164 118
124 172 931
145 174 354
248 85 231
11 96 761
47 104 341
492 61 635
119 127 60
114 163 894
239 149 643
175 67 345
190 134 810
249 128 388
285 136 770
11 134 604
11 132 698
445 9 336
416 153 628
57 22 421
290 78 987
42 112 574
13 32 558
272 71 210
420 67 945
464 173 639
155 10 262
183 57 68
90 146 86
205 157 804
281 133 160
70 47 878
34 114 356
217 30 597
39 30 739
147 54 941
405 185 279
194 31 521
130 78 303
156 59 196
57 153 867
269 177 989
309 31 667
161 130 308
232 158 636
485 104 337
12 167 703
201 106 250
312 177 381
313 179 393
48 93 439
269 32 230
470 7 633
263 133 123
323 93 867
233 180 405
70 50 280
339 63 11
411 52 802
462 125 500
57 5 499
290 83 314
356 12 83
265 103 948
359 122 602
9 29 784
340 82 832
90 191 254
308 16 440
347 78 409
489 112 748
108 128 80
3 170 469
160 174 383
81 71 124
156 96 882
316 40 713
244 111 805
50 19 560
274 15 285
341 143 402
82 180 501
216 161 278
394 41 250
432 156 970
329 176 148
224 32 959
481 94 10
91 152 685
473 102 154
127 189 65
365 122 472
411 30 222
168 139 955
389 139 171
175 143 855
447 79 826
329 37 437
61 71 135
271 56 689
466 139 874
280 65 733
241 129 905
1 46 588
337 43 233
266 121 754
204 132 617
406 160 141
203 134 739
349 54 384
113 18 9
266 181 88
305 118 424
184 145 262
435 52 748
240 117 694
80 110 668
260 80 497
413 108 382
146 95 944
388 34 88
17 142 702
287 62 130
451 129 807
404 176 820
378 147 137
93 117 631
89 87 106
253 25 102
155 19 838
498 173 691
295 59 611
426 185 645
140 43 170
262 28 137
49 175 365
163 27 477
475 174 528
186 193 426
398 167 912
258 100 717
114 110 662
329 139 367
305 3 720
369 36 69
105 12 697
106 145 317
222 191 333
381 62 852
142 27 356
184 139 132
293 153 726
42 70 368
51 58 465
128 189 875
80 107 106
435 189 47
272 102 205
142 79 856
259 69 112
284 186 70
467 23 435
272 133 223
411 77 926
450 177 300
16 105 45
39 89 198
375 195 916
387 176 989
179 37 31
266 191 196
493 115 50
150 3 200
402 74 580
24 136 244
499 185 944
101 121 393
403 63 119
434 195 387
447 178 488
476 49 622
321 132 806
449 5 521
160 161 155
461 137 68
227 155 136
200 53 898
497 127 290
260 92 875
302 60 324
216 93 311
115 68 661
155 88 40
16 73 541
99 111 905
99 193 398
50 27 198
3 187 494
91 125 225
441 177 672
124 127 299
199 78 10
473 12 27
431 163 186
57 124 145
386 112 210
435 167 665
473 2 742
143 104 527
150 80 372
387 99 226
340 70 740
486 103 8
485 33 795
325 110 267
357 131 701
204 145 72
189 28 886
93 191 128
135 83 183
347 168 456
466 144 425
170 56 111
269 137 920
303 151 421
438 10 624
394 53 217
455 49 483
179 65 881
44 155 57
166 157 483
177 182 411
379 169 59
336 25 182
421 158 300
107 150 135
62 38 345
90 21 624
229 93 947
396 150 273
29 189 478
392 10 353
283 33 144
436 125 264
450 13 537
20 67 284
216 69 174
309 146 982
229 162 808
139 45 649
474 144 456
63 102 224
424 170 582
9 57 361
372 124 967
332 197 860
225 118 349
307 8 847
387 107 60
89 103 12
488 184 689
466 60 239
366 75 470
363 130 949
103 97 456
274 62 775
457 151 198
483 95 943
221 126 59
231 37 419
68 119 448
211 200 775
134 151 210
373 179 323
79 157 848
446 26 504
227 1 981
445 16 1
350 139 184
273 81 601
284 132 442
230 41 458
43 192 465
314 134 547
268 16 903
109 112 576
474 93 986
474 54 229
350 84 921
77 103 426
223 179 965
218 145 215
99 51 904
236 191 957
336 97 323
414 161 723
126 193 637
409 127 227
246 128 963
313 111 24
250 184 112
439 159 994
270 192 758
94 29 481
235 11 302
334 85 547
19 133 922
101 180 792
355 100 589
83 22 455
489 191 779
238 83 221
255 132 77
8 128 584
18 98 926
383 49 210
239 139 321
283 144 846
425 191 566
404 5 750
16 115 210
24 199 742
486 79 173
203 92 356
460 94 713
191 92 953
452 129 104
304 117 561
412 130 102
41 53 472
329 102 892
121 43 168
363 161 12
279 9 887
164 86 123
285 89 481
416 125 256
104 125 775
168 71 634
480 24 28
378 89 703
232 14 641
69 133 487
224 93 301
216 82 554
27 179 910
438 115 640
18 30 234
121 56 842
500 198 136
493 93 573
116 108 488
393 155 503
152 9 358
43 63 319
159 83 800
364 105 220
101 113 331
386 47 111
126 194 697
340 10 869
188 94 609
250 154 528
466 56 462
338 157 778
205 21 212
291 82 345
469 185 400
384 194 593
335 8 223
470 17 461
338 168 487
148 199 769
324 61 332
484 47 970
241 35 785
251 75 333
98 130 582
164 61 25
64 68 8
413 42 529
489 147 159
109 105 933
489 51 479
16 180 731
80 45 533
92 2 365
382 132 794
430 143 684
180 130 794
346 130 174
297 45 78
234 23 76
82 48 290
487 96 408
360 148 412
43 87 625
333 118 615
198 197 235
19 92 7
36 14 37
149 81 957
117 171 695
351 138 454
425 57 901
355 86 604
234 74 216
428 20 945
121 175 568
11 48 133
286 150 548
431 48 126
423 116 674
188 185 976
228 74 805
345 89 660
362 67 286
237 196 698
73 200 968
69 100 151
55 7 447
449 16 136
127 5 263
10 112 417
404 153 489
362 199 52
330 102 373
102 51 990
465 20 254
306 92 482
249 6 122
383 193 910
265 127 280
360 183 351
65 49 481
98 159 388
302 141 227
325 179 32
258 38 259
9 25 144
365 86 538
198 44 765
428 120 687
126 104 581
111 58 226
209 81 578
387 80 677
225 200 695
372 144 396
48 163 356
369 129 546
470 194 16
478 59 501
439 14 258
48 42 861
158 73 642
144 139 773
247 147 252
25 177 289
384 199 187
28 171 581
315 121 104
6 41 995
246 159 211
25 95 409
493 82 305
396 173 922
91 96 339
34 74 585
486 27 565
205 163 159
318 143 407
356 141 750
337 49 135
116 198 541
93 69 959
72 139 931
495 192 220
286 163 234
367 128 89
426 14 171
362 151 30
380 127 138
319 15 7
164 72 463
215 161 330
57 150 516
275 52 334
116 121 125
87 6 644
248 114 995
366 196 702
417 146 985
48 53 143
264 173 413
353 169 684
126 36 59
243 67 50
471 19 854
343 29 662
430 98 461
302 166 687
128 18 744
81 190 877
210 36 99
157 200 657
282 142 206
436 1 355
499 81 626
144 126 222
371 106 578
26 150 721
141 27 952
319 148 972
336 90 291
134 185 424
252 184 573
399 90 388
246 102 498
412 138 995
460 37 152
486 120 267
465 148 195
476 85 425
198 59 634
221 187 893
26 73 982
258 169 168
476 118 977
138 181 871
407 21 474
420 133 156
422 119 176
160 86 412
186 71 838
312 102 69
134 33 905
499 18 515
482 70 277
70 185 12
273 51 525
410 190 901
472 59 881
153 144 478
481 120 17
487 105 173
80 79 378
62 20 886
98 79 530
96 195 655
105 75 680
138 196 589
449 100 369
390 65 132
217 133 439
309 47 652
204 179 597
377 82 296
431 177 855
481 96 52
30 140 558
13 111 139
393 178 248
75 139 80
104 60 840
206 154 264
86 133 170
406 154 92
23 177 580
152 60 883
154 32 674
394 44 861
414 170 777
41 93 1
66 93 346
291 2 876
224 4 164
62 94 10
456 67 168
290 66 898
332 55 157
196 173 369
250 108 541
20 5 706
437 68 953
365 83 723
422 168 346
120 116 997
337 118 802
178 99 972
92 163 3
26 126 72
63 5 339
415 82 430
340 84 231
372 85 291
119 76 726
207 77 130
95 76 739
294 31 31
337 140 167
399 176 94
129 184 695
442 41 750
169 73 21
364 116 320
120 190 707
240 31 470
147 16 143
393 171 634
361 33 885
94 54 295
79 26 904
138 95 866
125 74 425
77 198 124
123 62 832
334 33 680
440 128 994
34 102 202
427 45 943
212 7 917
293 89 851
67 182 656
75 111 187
174 67 113
440 102 871
398 116 756
303 124 438
89 124 996
129 180 762
472 129 82
375 11 992
35 45 127
99 138 248
404 18 555
224 162 289
47 150 985
242 103 16
489 61 672
480 42 524
118 103 569
457 147 75
67 56 339
477 12 867
422 179 715
7 145 89
127 94 97
440 38 626
210 101 355
3 160 138
280 170 24
92 68 20
88 116 364
254 83 424
400 200 734
278 161 875
455 77 267
133 59 117
38 190 748
345 183 367
58 115 741
278 52 165
93 41 677
223 81 248
106 152 304
169 176 384
472 4 253
204 62 250
135 164 228
283 17 995
237 92 50
75 171 473
104 107 92
205 138 400
446 153 741
492 47 797
488 104 163
85 139 50
388 10 374
258 162 166
373 33 465
26 162 382
476 165 907
333 113 622
93 167 95
97 44 893
341 44 145
136 89 756
385 118 582
367 181 873
88 97 526
114 123 83
211 191 238
74 101 343
414 65 509
423 72 412
155 172 824
185 34 652
143 96 808
262 71 240
167 135 945
394 131 452
268 48 226
315 78 350
412 123 641
110 38 300
407 93 732
140 94 180
169 47 170
8 79 956
30 20 541
176 167 883
135 54 913
318 1 963
316 63 867
427 90 582
220 185 114
67 129 230
247 5 817
298 103 464
330 62 320
353 132 434
139 34 272
238 24 563
253 87 107
175 76 262
64 181 539
157 83 376
86 138 59
381 78 555
38 19 856
375 159 222
411 7 466
131 47 219
28 124 97
377 150 605
291 101 89
444 110 133
419 133 969
381 69 750
356 167 618
291 177 98
225 136 624
423 36 73
373 124 605
333 51 510
354 128 415
154 145 845
11 148 105
110 6 546
211 185 154
352 98 714
442 105 721
160 141 78
122 88 230
11 27 697
153 70 711
332 86 707
394 69 894
224 86 430
249 148 259
7 86 770
355 87 74
360 84 895
150 58 905
313 83 623
30 56 522
393 50 115
449 184 213
190 21 332
38 7 358
452 110 976
237 74 140
454 36 980
16 183 856
151 90 183
40 109 735
110 26 417
460 199 463
353 102 62
25 104 668
311 26 225
409 52 823
104 172 987
70 175 112
263 95 311
466 194 551
309 103 5
282 7 559
254 168 331
453 38 664
291 162 719
74 40 377
143 55 584
414 3 325
418 90 310
54 169 764
371 161 378
436 132 577
265 75 649
293 169 230
315 144 664
498 26 187
324 47 266
257 42 569
212 182 415
258 104 625
35 178 421
393 46 796
342 93 958
195 10 380
297 91 120
223 35 904
236 177 356
253 49 790
301 27 221
430 97 620
113 178 227
179 142 259
306 59 610
263 163 380
338 182 638
201 60 132
297 191 591
353 184 10
165 87 612
195 21 36
203 93 486
302 57 205
217 103 728
85 126 526
500 158 164
121 133 168
385 132 213
467 196 721
308 178 273
213 149 111
28 146 426
134 118 88
253 135 507
76 80 357
194 14 653
498 38 193
325 67 549
41 82 864
434 168 522
2 59 237
75 14 270
122 151 279
186 55 52
54 100 767
434 186 412
149 154 458
453 24 297
24 54 866
34 168 521
305 125 89
297 175 23
113 93 992
372 122 470
112 130 814
286 100 401
180 48 649
282 38 915
467 51 293
10 28 226
63 181 734
160 179 551
245 147 43
107 49 611
30 78 847
29 70 722
80 9 316
73 185 559
454 85 730
23 14 130
115 125 823
149 25 730
149 115 704
121 28 671
456 109 354
150 18 959
194 93 549
67 57 507
396 199 251
3 31 607
396 24 796
239 170 604
284 38 114
372 117 339
423 110 124
444 168 789
4 146 479
240 102 522
247 80 30
447 133 275
204 163 335
74 177 623
325 144 238
220 93 136
69 159 347
76 53 864
283 35 187
488 129 119
2 50 235
403 160 256
282 37 397
33 38 197
102 88 222
302 152 953
127 165 507
228 134 784
428 108 430
9 196 263
270 53 82
239 86 883
381 79 603
53 20 605
415 199 348
226 46 379
313 187 212
418 57 387
287 55 373
41 120 857
109 26 49
106 184 144
181 35 348
384 15 223
78 158 136
360 6 286
348 120 575
147 181 712
222 189 748
102 69 164
93 144 377
177 61 64
106 75 664
249 42 256
142 68 366
374 96 72
289 20 794
116 123 495
251 167 627
499 106 418
496 178 972
100 106 441
67 58 623
256 10 942
262 96 765
186 106 967
259 126 313
391 158 250
279 66 972
18 17 891
221 16 812
354 195 592
209 16 935
285 166 82
52 153 533
121 89 165
438 42 804
320 88 851
13 141 647
258 112 213
283 101 937
149 39 57
119 184 565
55 47 761
52 144 859
447 21 916
125 41 333
52 13 977
325 171 621
287 19 707
201 71 294
343 165 579
136 127 944
131 143 718
8 132 312
185 33 708
87 171 253
234 127 39
116 149 99
261 73 287
49 118 922
168 80 237
218 82 980
404 39 261
342 66 145
476 128 517
183 59 696
184 188 894
26 13 767
302 182 1
269 104 322
180 2 56
440 149 156
402 31 73
147 105 660
443 93 262
401 199 426
37 31 739
24 128 82
199 142 662
33 157 834
238 150 932
284 81 1
471 193 654
442 139 425
453 82 906
384 100 422
202 116 583
269 85 881
396 104 899
30 159 705
85 104 837
453 50 670
446 133 245
312 74 456
264 183 644
17 147 139
54 124 842
218 86 244
85 137 957
234 11 607
489 95 364
37 5 209
462 191 533
90 47 604
225 64 643
373 142 168
337 145 345
356 28 777
229 3 688
476 179 489
259 37 179
415 28 286
134 135 430
284 56 438
363 196 513
432 189 632
158 119 944
348 197 957
48 15 346
133 56 302
375 25 710
389 110 280
200 11 832
278 130 671
386 168 830
349 39 186
353 98 242
182 133 655
367 132 514
463 198 642
293 178 187
257 119 895
123 175 260
95 93 73
480 2 151
499 61 273
152 145 251
185 26 462
207 10 682
263 107 28
407 17 825
25 67 740
231 132 995
28 183 717
285 46 855
250 53 626
128 158 560
102 123 944
225 85 153
388 31 732
291 73 310
487 91 20
68 112 322
105 42 330
56 9 804
113 30 232
269 45 182
411 179 820
20 69 30
344 55 999
336 194 37
322 186 447
93 186 827
457 99 186
5 23 406
332 52 927
312 182 253
136 82 497
491 10 962
255 109 118
210 9 838
347 137 422
9 43 234
404 32 945
180 192 547
130 197 489
79 40 599
179 94 408
192 82 661
50 9 162
37 135 763
496 91 164
287 34 885
346 180 390
74 199 907
472 88 515
169 102 85
360 106 433
308 181 776
122 182 335
204 104 911
254 161 443
466 84 706
159 90 323
228 73 824
166 49 642
409 33 349
28 170 342
361 24 616
152 189 732
276 196 320
46 59 36
498 107 572
30 143 300
380 196 393
280 90 687
152 195 799
97 171 1
119 39 469
73 134 926
297 93 530
89 182 672
232 169 30
245 34 89
102 12 564
204 50 899
29 55 947
220 6 664
382 50 865
324 176 291
290 118 769
436 80 745
12 68 80
302 45 395
459 82 593
174 160 97
140 58 974
464 189 519
158 150 372
9 3 319
325 27 613
468 34 870
306 127 503
299 2 848
362 141 767
240 129 911
224 19 597
140 75 71
137 20 248
148 122 892
233 1 322
151 182 948
398 62 463
354 4 588
407 9 749
50 119 185
396 153 134
272 69 814
186 23 690
259 176 674
128 4 924
456 16 65
324 102 602
168 161 828
105 162 747
158 118 191
216 77 488
39 78 958
286 165 721
296 190 765
118 43 445
315 7 411
352 73 754
165 126 387
263 142 583
377 20 900
256 8 927
144 180 223
302 58 518
317 100 570
177 40 43
360 192 687
486 148 341
485 11 93
286 94 80
322 83 448
69 144 864
65 55 367
241 139 884
153 193 218
481 200 645
370 183 605
444 172 988
480 138 2
146 151 321
389 69 919
66 7 787
323 25 741
377 27 347
213 200 994
467 83 971
453 14 812
281 113 532
460 80 373
388 33 367
386 14 990
420 106 496
58 138 772
47 119 156
117 84 843
430 114 336
117 156 130
443 48 192
296 188 297
76 161 816
341 67 917
328 25 514
106 64 714
357 60 459
360 172 151
499 70 353
257 75 862
1 62 147
278 181 41
264 71 847
474 107 635
454 103 7
114 48 134
28 195 372
274 141 240
65 15 93
172 166 94
215 23 793
343 175 450
287 158 157
75 169 521
261 30 982
417 117 698
27 190 797
458 162 16
65 168 983
84 130 76
102 28 564
49 166 768
277 27 521
177 70 936
185 74 760
80 17 27
490 4 394
46 122 962
178 200 961
188 69 264
325 33 623
107 176 178
127 180 325
400 2 846
9 33 551
477 188 382
221 98 777
231 179 711
229 182 598
395 106 478
468 71 306
326 102 388
94 164 441
139 56 472
183 169 65
453 178 816
315 106 65
359 84 713
48 154 998
251 84 344
57 18 605
451 173 714
179 26 750
116 200 144
2 16 30
164 40 12
480 14 880
413 198 946
235 109 661
459 94 896
72 70 498
156 61 671
191 110 345
40 136 564
84 39 849
236 22 211
142 117 547
445 128 325
359 44 699
267 85 987
328 46 713
54 194 938
275 11 202
374 71 606
390 148 430
92 167 792
340 42 471
342 86 371
273 195 216
337 71 733
217 101 463
102 113 333
469 103 194
220 13 786
340 35 65
207 150 467
228 60 454
193 117 207
108 180 971
4 171 735
427 95 493
329 119 469
379 81 273
369 177 411
245 19 891
426 163 116
38 27 491
80 103 594
476 139 820
200 165 869
114 91 808
179 54 25
377 155 883
304 26 859
455 16 416
59 78 975
208 160 859
262 33 245
339 153 162
296 152 973
447 103 750
127 80 95
323 186 924
415 46 209
324 45 78
351 161 601
273 108 913
469 2 373
448 161 396
486 9 359
299 183 536
452 61 267
486 195 906
194 91 334
145 55 34
413 95 842
426 149 928
274 12 705
373 163 663
27 1 501
355 66 61
473 77 929
373 72 545
310 133 148
184 38 281
182 51 131
113 11 814
478 39 446
402 11 669
173 113 356
473 143 162
99 163 488
415 38 134
59 174 544
259 158 912
26 114 313
23 9 683
6 177 612
221 107 527
103 146 233
220 86 467
353 83 293
148 155 442
265 120 713
240 133 857
359 102 917
418 126 670
392 93 446
169 160 977
447 47 842
21 73 821
100 69 410
28 165 429
329 47 224
260 2 83
399 17 676
187 51 189
382 47 684
475 4 715
128 96 543
334 184 307
368 170 473
320 4 110
306 169 414
465 91 28
31 13 672
308 158 687
263 9 644
60 93 195
183 69 10
135 3 817
134 58 586
296 146 180
373 5 650
314 95 812
136 147 310
437 115 112
145 75 942
309 119 267
478 62 621
158 41 367
406 151 990
43 128 131
379 72 508
222 174 630
378 119 873
204 25 164
10 13 154
255 149 548
362 42 87
305 165 911
498 44 612
421 191 383
485 181 433
177 3 588
461 94 553
24 194 249
58 36 168
190 48 750
439 169 265
29 133 271
253 72 710
75 26 5
417 91 746
346 61 617
287 105 252
403 146 218
177 67 509
276 128 150
170 67 277
77 102 670
313 105 447
320 21 518
353 148 783
86 150 487
432 35 171
448 198 351
176 182 421
350 10 806
320 26 790
135 184 815
148 24 60
93 105 495
171 36 717
163 180 637
140 54 783
456 9 167
388 107 710
140 96 690
66 120 93
437 41 121
137 92 941
410 110 959
125 28 124
75 97 148
240 132 920
75 124 511
