50 40
1 16
24 10
46 1
4 1
32 37
7 41
21 21
2 25
48 14
20 38
17 3
26 21
26 22
14 39
24 7
6 48
9 9
7 36
38 46
12 16
34 25
33 17
16 24
20 4
10 6
9 20
3 25
48 29
12 48
14 42
39 13
48 14
40 48
2 10
22 18
50 47
26 23
14 47
50 43
49 13
83 195 357 59 504 768 788 505 616 36 91 423 59 478 507 818 447 868 310 833 174 17 908 834 755 495 110 593 848 44 636 877 78 822 278 949 409 28 479 730 84 659 922 414 809 571 903 979 690 707 
60
524 672 606 717 386 810 691 327 870 852 598 843 218 98 497 153 828 398 573 793 748 733 189 614 812 782 91 741 905 873 790 397 839 384 87 900 344 634 618 71 496 995 277 435 819 997 838 54 449 87 876 821 290 813 786 27 345 183 76 213 
1000
24 30 22
36 21 796
39 7 699
40 29 559
42 59 620
34 6 428
44 27 107
26 33 716
33 2 24
14 59 553
50 5 412
8 32 631
7 57 539
14 29 118
31 24 269
32 47 788
50 12 206
18 59 590
19 33 427
29 1 526
42 2 505
29 29 66
28 17 381
33 46 406
34 8 41
32 8 843
3 3 140
13 25 35
32 42 409
20 27 784
16 10 315
45 58 106
20 7 381
21 36 387
4 7 279
13 39 720
21 24 147
32 11 287
24 53 272
13 41 358
34 56 580
18 2 852
21 7 460
22 52 900
50 47 107
49 6 581
37 53 856
18 7 321
28 18 887
38 18 378
46 30 835
9 60 946
10 41 288
34 30 155
17 48 414
13 21 853
40 32 764
49 15 158
16 37 94
16 46 902
9 48 163
38 31 133
50 49 57
3 40 575
27 8 323
43 27 188
18 38 727
2 48 432
34 13 516
24 56 426
6 41 79
40 29 566
12 18 422
9 4 175
8 59 797
46 15 761
32 56 825
45 7 994
35 40 850
18 18 601
32 5 663
11 28 938
47 16 106
1 16 150
26 37 113
4 54 205
39 47 799
22 41 539
10 50 844
11 59 712
20 51 891
9 10 459
31 47 572
11 58 43
4 51 439
49 31 156
8 2 329
39 56 228
5 3 472
41 59 759
31 40 947
24 12 451
12 36 241
25 9 501
50 30 578
21 32 56
9 32 143
17 46 506
50 32 636
37 2 494
34 24 733
3 29 785
41 54 280
47 25 886
13 44 306
7 27 238
20 30 350
17 32 504
4 27 14
30 16 152
40 48 683
25 22 284
48 45 813
28 54 517
43 47 198
39 15 844
31 35 152
48 60 864
45 41 772
9 18 162
22 13 281
10 9 410
34 27 570
18 15 148
38 34 683
49 17 948
17 7 378
32 14 273
25 60 510
32 27 148
8 43 285
19 40 805
50 23 215
10 44 808
22 51 915
9 4 660
19 42 925
34 5 275
50 13 823
36 60 745
11 39 662
38 52 445
3 13 359
37 33 681
23 39 385
30 28 64
9 34 944
24 1 281
6 45 242
45 39 987
14 14 690
16 57 625
47 58 140
14 53 908
5 29 386
20 51 539
10 25 896
10 12 196
31 17 405
17 31 377
40 19 780
43 56 836
19 35 518
44 54 732
30 47 105
35 59 583
1 51 709
8 49 501
37 23 761
9 32 81
34 41 730
5 31 821
4 27 159
28 54 922
1 47 897
46 13 764
22 41 881
2 28 328
42 21 1
30 60 949
43 51 520
8 39 455
46 40 888
35 18 903
15 33 554
37 14 676
36 7 8
44 28 746
20 11 564
1 17 422
1 3 945
39 11 52
48 16 474
27 59 878
25 46 319
49 50 996
40 39 756
6 38 62
18 21 532
28 8 53
11 13 470
40 10 355
27 56 860
31 14 530
47 14 474
48 40 880
31 39 364
25 57 686
36 35 736
11 12 208
14 19 414
31 53 931
20 25 299
28 40 551
7 4 675
32 32 697
42 60 817
43 12 277
15 31 464
17 21 804
14 37 313
24 5 460
39 39 952
3 34 158
43 52 193
45 49 900
10 50 380
2 31 693
5 12 51
49 9 259
32 52 593
18 9 115
33 51 493
36 40 555
26 36 874
37 55 975
39 22 523
30 30 623
5 53 463
3 58 840
38 29 762
27 4 898
38 41 110
4 43 103
47 4 389
29 55 806
20 55 919
42 17 25
38 3 38
18 56 57
11 15 852
22 27 524
12 33 718
39 52 497
42 44 705
6 56 278
7 22 168
21 29 261
3 13 240
33 30 665
16 40 560
23 15 544
43 42 358
28 17 86
22 58 263
44 42 420
47 20 905
11 2 412
9 6 849
11 37 361
15 17 165
17 5 647
45 30 940
17 34 498
4 55 196
35 25 18
42 26 860
47 29 158
7 9 941
37 26 571
41 13 501
5 5 197
28 2 443
42 30 154
19 8 514
17 32 964
50 44 415
2 45 735
43 18 851
16 46 255
34 2 153
25 48 554
5 18 242
42 34 852
46 16 127
31 5 81
28 53 43
16 1 216
18 9 67
45 7 861
20 38 228
12 49 204
50 10 355
44 51 568
14 7 122
9 50 112
12 31 728
8 33 950
29 1 997
14 27 515
37 54 518
16 14 697
2 37 567
23 13 265
42 26 666
45 11 489
24 1 160
37 15 193
8 23 403
4 18 660
43 24 428
35 57 940
5 5 308
42 1 210
24 5 145
22 26 744
19 34 876
33 47 160
26 36 66
45 46 635
15 14 475
1 38 207
12 27 720
5 21 343
34 4 965
37 18 513
28 52 890
5 44 715
31 12 558
42 7 585
1 13 532
43 25 211
2 11 816
31 10 379
16 9 312
23 20 843
47 36 902
4 13 495
8 4 444
22 11 149
20 52 975
28 7 548
23 5 852
33 51 231
12 43 274
12 7 96
27 15 981
41 11 404
37 54 122
39 40 327
13 12 18
47 43 153
10 19 912
11 11 759
8 33 636
4 37 883
10 48 749
35 13 917
2 9 246
20 37 83
14 46 655
21 50 299
34 3 405
34 21 138
50 2 236
46 10 546
18 44 457
33 59 792
10 13 998
1 50 325
45 59 397
10 10 945
27 29 958
27 35 967
48 39 650
12 43 638
7 52 370
48 6 152
4 4 625
14 28 479
16 11 88
26 32 882
28 34 701
48 25 831
47 59 145
33 22 627
9 60 2
49 21 806
17 31 106
1 19 554
13 39 941
44 20 182
34 28 640
15 40 503
50 24 135
9 50 356
18 41 242
3 57 366
7 46 184
42 52 288
26 2 735
43 55 828
32 22 878
39 24 327
8 40 657
10 13 805
49 56 889
8 10 327
29 40 387
24 8 505
16 14 922
47 35 310
11 49 70
41 25 987
40 20 293
43 37 290
34 42 124
35 22 230
5 43 227
22 31 506
11 11 38
2 36 9
34 12 219
9 41 7
8 14 525
2 5 400
37 38 470
28 16 248
21 19 344
2 6 559
12 57 360
7 2 545
2 24 757
1 47 846
14 57 986
38 22 382
46 29 435
30 9 379
6 36 975
21 44 795
32 54 967
25 44 524
42 45 965
34 42 951
12 20 167
12 54 540
19 60 521
42 52 819
43 34 541
19 60 858
7 49 816
22 45 937
31 10 401
14 36 703
28 47 873
25 54 133
23 9 540
28 48 697
39 27 219
32 24 606
44 34 776
40 47 208
45 6 902
26 5 711
43 56 695
45 11 625
10 13 587
19 17 826
5 24 735
31 49 887
20 12 848
8 18 268
9 14 709
28 33 53
25 9 921
12 7 495
43 4 164
48 34 841
16 13 755
6 36 579
31 8 38
2 60 410
32 60 764
23 9 439
5 20 883
19 30 596
7 54 737
38 32 59
7 22 178
48 21 721
8 23 768
1 53 473
2 57 6
47 20 235
31 9 408
8 32 777
17 22 325
21 37 232
17 32 837
20 60 485
28 57 153
16 51 981
48 8 972
21 49 974
39 8 375
34 39 642
32 32 545
21 26 913
18 55 94
4 20 932
2 46 471
28 2 354
28 50 938
25 31 349
34 48 509
15 13 690
28 28 330
6 23 780
34 7 653
27 28 36
26 8 968
2 11 217
10 37 646
48 3 184
18 22 322
46 6 898
26 7 493
36 46 880
37 30 337
20 30 275
23 60 971
6 13 817
34 6 312
44 13 975
27 34 43
24 10 891
42 20 76
28 35 285
19 5 165
22 20 678
6 53 523
34 46 181
15 33 523
4 16 514
1 24 786
20 42 526
9 13 984
13 38 436
6 2 924
50 56 840
32 1 205
8 29 722
11 30 721
15 55 36
7 31 4
2 9 33
14 9 313
33 39 755
10 31 824
11 26 30
47 47 435
6 34 566
38 13 562
28 24 707
9 36 765
25 49 301
1 41 107
5 37 45
14 28 712
11 54 12
8 48 974
16 15 371
45 11 896
31 48 542
37 17 805
28 20 216
9 33 415
15 45 766
33 1 717
25 43 203
1 4 289
36 10 962
27 53 509
21 49 470
12 43 481
37 15 328
21 46 714
24 30 365
21 44 86
48 31 169
25 15 385
44 25 319
44 31 515
30 18 795
30 26 712
31 58 878
19 36 577
11 43 663
5 30 11
9 1 978
4 39 94
30 4 975
44 59 344
4 11 433
41 43 682
39 15 733
3 45 944
46 57 386
9 27 877
35 26 260
14 39 623
45 41 580
39 9 275
50 50 629
36 39 60
19 35 864
15 21 117
41 14 399
45 2 892
18 48 873
13 12 322
45 60 98
26 54 424
35 2 30
43 58 773
48 51 322
39 32 96
17 3 802
24 35 784
27 25 189
45 31 255
5 48 65
50 52 671
45 18 135
44 23 262
12 26 274
36 14 459
44 19 571
5 22 156
48 20 642
47 30 581
31 6 377
46 50 408
7 56 195
34 40 98
9 2 809
50 15 757
43 53 927
33 32 233
11 24 226
20 56 840
10 48 966
49 24 526
46 25 125
35 46 42
27 46 652
4 12 34
6 2 811
27 15 93
32 30 729
25 58 106
43 36 948
8 5 568
27 60 186
45 18 308
48 30 533
50 5 996
24 5 345
21 58 341
2 17 589
31 9 306
9 11 564
34 36 189
20 10 442
37 21 597
31 48 869
13 9 231
26 4 882
28 26 512
50 7 117
3 46 745
42 22 60
23 30 865
27 51 953
9 14 964
36 2 387
32 21 205
47 47 518
44 28 774
20 36 916
42 26 204
44 17 542
31 5 71
34 10 590
24 38 946
2 59 86
50 17 946
12 59 303
16 8 338
10 23 529
38 34 261
16 43 582
33 21 730
9 45 375
6 51 408
37 27 191
50 34 402
18 23 349
20 47 368
45 31 566
23 52 285
45 4 277
13 46 400
42 50 629
17 18 48
24 58 853
32 28 461
30 58 834
21 10 429
49 36 438
42 27 788
42 55 279
49 10 92
33 54 95
38 44 463
13 24 745
9 37 287
1 37 811
6 4 760
50 49 247
32 60 88
41 5 759
42 7 738
11 25 192
35 6 230
46 53 597
27 1 166
45 12 867
42 14 596
17 4 400
11 22 928
2 37 396
9 50 322
33 28 755
9 23 7
49 28 52
18 15 764
40 53 695
46 45 56
42 10 162
13 31 68
31 36 72
26 13 796
28 59 597
9 14 513
32 8 134
46 40 864
22 48 474
4 39 468
1 51 269
8 3 867
17 10 984
10 37 447
19 50 640
10 60 878
38 44 407
35 17 612
23 28 489
46 29 68
7 56 741
17 24 878
26 51 814
34 53 185
32 57 747
32 56 212
39 9 455
1 51 551
7 42 935
28 19 939
42 19 158
27 55 953
17 46 533
47 51 436
43 22 994
10 57 570
46 15 97
47 17 987
17 16 987
24 29 832
25 46 70
17 52 492
2 18 822
16 58 927
32 38 420
1 4 202
33 35 27
43 55 986
10 36 475
20 8 286
20 29 113
20 11 253
1 57 335
3 16 151
11 49 758
5 56 851
16 33 788
9 3 979
45 50 894
28 53 194
1 59 205
3 6 750
35 32 723
19 38 192
46 51 801
9 34 502
25 45 288
41 13 183
22 60 350
18 43 969
39 44 175
49 51 210
34 31 887
23 49 204
33 11 6
1 15 85
23 31 850
48 44 414
8 35 929
49 49 957
26 40 245
42 8 479
28 11 721
17 50 957
38 26 304
4 42 260
18 14 652
48 51 593
49 53 459
10 9 994
22 37 249
5 31 882
28 38 694
4 53 178
21 13 611
2 55 556
1 14 300
21 40 186
49 10 83
45 49 264
7 29 95
17 51 121
40 12 106
47 52 702
22 13 478
2 60 655
16 54 132
19 17 159
34 23 920
49 26 519
33 29 977
25 40 806
23 19 793
47 50 522
16 27 786
37 60 315
13 54 827
38 35 378
29 59 494
36 4 691
22 13 515
21 12 501
49 53 736
47 58 69
9 42 355
14 43 187
42 32 591
41 2 455
35 8 572
20 9 609
10 33 708
12 35 492
42 43 943
8 21 779
48 5 487
16 7 93
47 33 121
6 8 176
49 42 973
18 51 308
2 23 61
50 49 8
45 41 490
23 44 342
7 60 805
32 38 407
12 36 750
31 5 940
42 45 148
5 8 859
47 32 976
11 10 874
31 50 343
13 32 720
16 51 7
48 59 28
5 27 262
14 49 473
42 44 733
38 55 647
43 35 405
8 34 382
11 23 968
18 41 317
39 31 664
28 52 173
31 1 58
18 38 923
16 17 327
31 30 943
37 39 133
37 34 539
30 38 304
20 57 680
23 21 381
12 16 267
35 8 463
41 60 61
20 60 866
50 45 868
44 4 974
30 7 992
17 33 895
5 22 142
18 18 680
16 10 91
30 35 794
18 42 719
5 29 790
45 44 105
42 20 185
21 22 102
9 44 234
16 39 206
5 52 111
11 59 268
6 33 68
12 48 793
47 49 827
11 18 211
37 43 71
1 1 398
10 17 284
40 13 427
41 8 600
29 51 103
33 38 347
12 12 865
5 29 276
14 60 977
13 60 79
47 6 820
44 15 637
11 21 253
18 44 947
42 4 273
25 54 613
34 44 876
29 19 989
10 51 845
12 60 686
20 26 757
31 34 171
14 22 461
6 5 251
36 25 630
3 47 594
27 19 447
3 33 45
2 4 487
50 4 312
